Airfoil: 7037EF1
Builder: J. Robertson
Comment: clean, LE flap = -3 degs, TE flap = -2.5 degs
3
105616
18
-0.415   0.0410    -6.16
-0.346   0.0278    -5.19
-0.266   0.0212    -4.11
-0.176   0.0161    -2.96
-0.099   0.0144    -2.12
0.037   0.0130    -1.07
0.228   0.0134     0.01
0.355   0.0137     1.02
0.448   0.0144     2.01
0.539   0.0154     3.03
0.641   0.0158     4.13
0.730   0.0163     5.15
0.820   0.0175     6.13
0.898   0.0207     7.16
0.976   0.0250     8.21
1.037   0.0310     9.20
1.086   0.0385    10.22
1.121   0.0507    11.21
200149
19
-0.429   0.0363    -6.06
-0.331   0.0209    -4.83
-0.272   0.0174    -4.12
-0.115   0.0129    -2.94
-0.002   0.0113    -2.04
0.103   0.0102    -1.04
0.217   0.0097     0.14
0.309   0.0099     1.00
0.419   0.0099     2.10
0.524   0.0105     3.07
0.625   0.0113     4.08
0.728   0.0121     5.10
0.846   0.0149     6.41
0.916   0.0175     7.22
0.998   0.0209     8.24
1.062   0.0237     9.16
1.131   0.0297    10.33
1.170   0.0355    11.19
1.193   0.0454    12.21
299430
20
-0.460   0.0498    -6.33
-0.382   0.0248    -5.40
-0.224   0.0158    -3.97
-0.108   0.0110    -3.07
-0.021   0.0096    -2.28
0.096   0.0096    -1.11
0.200   0.0097    -0.10
0.310   0.0092     0.93
0.405   0.0090     1.87
0.514   0.0087     2.89
0.623   0.0096     3.92
0.723   0.0106     4.92
0.817   0.0125     5.92
0.917   0.0151     7.02
1.003   0.0173     7.97
1.085   0.0197     8.98
1.151   0.0235     9.97
1.206   0.0295    11.06
1.233   0.0382    12.06
1.233   0.0583    13.02
Airfoil: 7037EF2
Builder: J. Robertson
Comment: clean, LE flap = 0 degs, TE flap = 0 degs
3
99678
17
-0.272   0.0410    -5.19
-0.192   0.0277    -4.18
-0.098   0.0207    -3.11
-0.003   0.0163    -2.11
0.117   0.0142    -1.06
0.301   0.0152     0.05
0.429   0.0163     0.99
0.534   0.0162     2.10
0.618   0.0155     3.10
0.714   0.0158     4.08
0.820   0.0170     5.11
0.918   0.0183     6.14
1.003   0.0206     7.15
1.083   0.0225     8.25
1.145   0.0256     9.17
1.190   0.0312    10.19
1.226   0.0395    11.22
199620
17
-0.155   0.0198    -4.48
-0.056   0.0156    -3.65
0.100   0.0122    -2.34
0.208   0.0107    -1.37
0.310   0.0093    -0.30
0.410   0.0095     0.67
0.527   0.0100     1.78
0.622   0.0106     2.73
0.722   0.0116     3.76
0.831   0.0128     4.89
0.923   0.0144     5.85
1.002   0.0161     6.73
1.088   0.0181     7.73
1.170   0.0207     8.77
1.232   0.0258     9.90
1.269   0.0317    10.81
1.296   0.0389    11.78
299364
18
-0.175   0.0225    -4.96
-0.070   0.0149    -4.02
0.046   0.0119    -2.96
0.150   0.0097    -1.95
0.250   0.0085    -0.95
0.315   0.0077    -0.24
0.437   0.0080     0.88
0.579   0.0087     2.20
0.681   0.0096     3.20
0.775   0.0104     4.12
0.875   0.0118     5.14
0.971   0.0131     6.16
1.063   0.0149     7.15
1.153   0.0170     8.20
1.226   0.0197     9.20
1.277   0.0246    10.17
1.320   0.0305    11.21
1.338   0.0412    12.23
Airfoil: 7037EF3
Builder: J. Robertson
Comment: clean, LE flap = 2.5 degs, TE flap = 2.5 degs
3
99786
20
-0.222   0.0536    -5.22
-0.079   0.0306    -4.17
0.045   0.0228    -3.05
0.156   0.0191    -2.10
0.286   0.0165    -1.03
0.431   0.0172     0.02
0.572   0.0167     1.01
0.665   0.0156     2.03
0.768   0.0149     3.07
0.856   0.0164     4.11
0.938   0.0179     5.16
1.019   0.0211     6.16
1.111   0.0235     7.21
1.195   0.0265     8.20
1.268   0.0285     9.21
1.326   0.0313    10.25
1.357   0.0352    11.21
1.373   0.0435    12.26
1.382   0.0542    13.18
1.369   0.0711    14.18
205042
18
-0.015   0.0268    -4.96
0.090   0.0189    -3.97
0.196   0.0160    -2.92
0.338   0.0120    -1.63
0.406   0.0109    -0.86
0.486   0.0106     0.01
0.603   0.0103     1.03
0.699   0.0105     2.05
0.800   0.0116     3.10
0.897   0.0129     4.15
0.983   0.0150     5.11
1.070   0.0173     6.12
1.178   0.0195     7.33
1.258   0.0210     8.29
1.333   0.0228     9.23
1.382   0.0268    10.21
1.396   0.0369    11.33
1.403   0.0466    12.23
298981
17
-0.032   0.0298    -5.11
0.082   0.0161    -4.10
0.185   0.0126    -3.08
0.315   0.0103    -1.85
0.401   0.0093    -1.01
0.508   0.0081     0.06
0.635   0.0087     1.27
0.731   0.0096     2.25
0.855   0.0110     3.50
0.945   0.0123     4.45
1.023   0.0135     5.29
1.113   0.0154     6.30
1.203   0.0169     7.26
1.290   0.0182     8.24
1.369   0.0203     9.31
1.403   0.0258    10.23
1.426   0.0327    11.23
Airfoil: 7037EF4
Builder: J. Robertson
Comment: clean, LE flap = 0 degs, TE flap = 5 degs
3
100009
17
-0.013   0.0262    -5.49
0.091   0.0221    -4.38
0.171   0.0200    -3.44
0.234   0.0199    -2.33
0.302   0.0185    -1.40
0.431   0.0218    -0.44
0.567   0.0249     0.60
0.743   0.0221     1.68
0.884   0.0185     2.90
0.955   0.0161     3.74
1.018   0.0179     4.68
1.095   0.0209     5.73
1.196   0.0251     7.12
1.237   0.0281     7.80
1.277   0.0312     8.75
1.312   0.0404     9.89
1.341   0.0484    10.77
199795
17
-0.130   0.0455    -7.09
0.038   0.0189    -5.72
0.124   0.0162    -4.90
0.245   0.0156    -3.77
0.336   0.0152    -2.83
0.426   0.0162    -1.77
0.527   0.0158    -0.92
0.637   0.0137     0.13
0.736   0.0124     1.10
0.837   0.0114     2.11
0.930   0.0122     3.13
1.014   0.0139     4.08
1.102   0.0159     5.10
1.195   0.0188     6.28
1.260   0.0214     7.17
1.324   0.0260     8.38
1.350   0.0321     9.23
299247
19
-0.148   0.0525    -7.22
0.008   0.0192    -6.03
0.107   0.0147    -5.09
0.226   0.0125    -4.00
0.337   0.0115    -3.02
0.454   0.0111    -1.95
0.556   0.0105    -0.95
0.657   0.0096     0.07
0.773   0.0092     1.16
0.864   0.0099     2.16
0.964   0.0115     3.24
1.056   0.0129     4.26
1.159   0.0151     5.44
1.213   0.0166     6.14
1.308   0.0199     7.45
1.356   0.0239     8.38
1.396   0.0304     9.55
1.422   0.0362    10.41
1.438   0.0462    11.40
Airfoil: A18T
Builder: R. Cooney
Comment: Zigzag trip Type C (h = 0.023") @ 2% u.s. & 5% l.s.
3
103018
16
-0.219   0.0443    -4.19
-0.157   0.0321    -3.65
-0.028   0.0209    -2.28
0.081   0.0201    -1.26
0.228   0.0181    -0.31
0.374   0.0147     0.84
0.432   0.0149     1.39
0.531   0.0166     2.80
0.629   0.0189     3.89
0.712   0.0208     4.81
0.809   0.0235     5.91
0.892   0.0261     6.90
0.969   0.0289     7.86
1.050   0.0331     9.01
1.104   0.0362     9.81
1.156   0.0421    10.83
199845
12
-0.198   0.0328    -4.42
0.016   0.0150    -2.77
0.209   0.0135    -1.26
0.331   0.0153     0.22
0.503   0.0170     1.97
0.638   0.0188     3.42
0.764   0.0211     4.84
0.873   0.0234     6.10
1.034   0.0271     8.03
1.140   0.0304     9.42
1.222   0.0366    10.94
1.253   0.0524    12.50
300494
11
-0.199   0.0166    -4.66
0.032   0.0125    -2.88
0.181   0.0136    -1.34
0.323   0.0146     0.15
0.474   0.0156     1.68
0.632   0.0174     3.27
0.785   0.0200     4.89
0.934   0.0233     6.60
1.001   0.0250     7.42
1.185   0.0334    10.01
1.207   0.0369    10.63
Airfoil: AVISTAR
Builder: B. Champine
Comment: clean
4
100000
14
-0.067   0.0207    -3.32
0.037   0.0203    -2.33
0.183   0.0210    -1.30
0.387   0.0225    -0.24
0.453   0.0217     0.77
0.527   0.0218     1.78
0.612   0.0223     2.90
0.683   0.0223     3.81
0.777   0.0227     4.93
0.850   0.0216     5.88
0.925   0.0210     6.89
0.970   0.0237     7.91
0.987   0.0315     8.94
1.008   0.0364     9.90
200600
14
-0.210   0.0206    -5.44
-0.140   0.0174    -4.32
-0.047   0.0146    -3.33
0.032   0.0122    -2.29
0.130   0.0119    -1.33
0.245   0.0115    -0.25
0.389   0.0124     0.77
0.523   0.0125     1.78
0.617   0.0130     2.78
0.726   0.0137     3.82
0.821   0.0145     4.87
0.888   0.0159     5.90
0.923   0.0203     6.89
0.950   0.0262     7.89
300900
15
-0.215   0.0173    -5.37
-0.154   0.0153    -4.38
-0.054   0.0134    -3.32
0.042   0.0105    -2.31
0.144   0.0095    -1.23
0.237   0.0098    -0.22
0.416   0.0108     0.78
0.575   0.0112     1.83
0.679   0.0111     2.85
0.771   0.0116     3.84
0.853   0.0127     4.86
0.907   0.0169     5.90
0.944   0.0213     6.93
0.980   0.0257     7.89
1.011   0.0320     8.91
402100
14
-0.236   0.0158    -5.42
-0.144   0.0138    -4.37
-0.045   0.0122    -3.35
0.054   0.0100    -2.34
0.149   0.0084    -1.34
0.284   0.0087    -0.26
0.408   0.0096     0.77
0.546   0.0100     1.80
0.686   0.0090     2.85
0.784   0.0109     3.87
0.850   0.0130     4.95
0.886   0.0163     5.88
0.923   0.0206     6.87
0.964   0.0255     7.91
Airfoil: BW3
Builder: M. Allen
Comment: clean
5
59400
10
-0.085   0.0747    -2.11
0.156   0.0463    -0.45
0.386   0.0337     1.06
0.609   0.0324     2.69
0.872   0.0279     4.24
1.033   0.0230     5.78
1.141   0.0218     7.32
1.207   0.0325     8.77
1.289   0.0410    10.30
1.321   0.0548    11.83
99400
10
-0.166   0.0681    -2.16
0.123   0.0414    -0.48
0.456   0.0282     1.18
0.699   0.0251     2.71
0.866   0.0203     4.26
0.993   0.0181     5.77
1.100   0.0214     7.30
1.183   0.0296     8.70
1.284   0.0423    10.35
1.341   0.0589    11.73
198900
10
-0.084   0.0575    -2.58
0.294   0.0317    -0.85
0.530   0.0192     0.48
0.728   0.0159     2.24
0.882   0.0151     3.75
1.034   0.0149     5.39
1.129   0.0221     6.82
1.240   0.0291     8.41
1.317   0.0386     9.73
1.393   0.0689    11.34
297600
10
0.014   0.0515    -2.58
0.350   0.0275    -0.98
0.555   0.0182     0.55
0.734   0.0141     2.10
0.904   0.0129     3.66
1.048   0.0149     5.21
1.155   0.0203     6.73
1.269   0.0264     8.29
1.363   0.0391     9.92
1.432   0.0703    11.22
397300
10
-0.060   0.0581    -3.16
0.312   0.0305    -1.41
0.546   0.0180     0.30
0.701   0.0136     1.60
0.872   0.0121     3.16
1.012   0.0134     4.68
1.134   0.0185     6.20
1.255   0.0233     7.77
1.348   0.0309     9.29
1.433   0.0586    10.90
Airfoil: BW3T
Builder: M. Allen
Comment: Zig-Zag trip type "C" @ u.s. x/c = 2% & l.s. x/c = 5% (h = 0.023")
5
99700
9
-0.153   0.0732    -2.14
0.182   0.0400    -0.46
0.520   0.0265     1.14
0.666   0.0255     2.59
0.811   0.0250     4.09
0.949   0.0270     5.68
1.071   0.0311     7.19
1.191   0.0366     8.76
1.293   0.0479    10.29
199200
10
-0.286   0.0820    -3.64
0.024   0.0477    -2.11
0.261   0.0306    -0.63
0.565   0.0219     1.26
0.733   0.0216     2.76
0.882   0.0236     4.33
1.007   0.0275     5.80
1.130   0.0324     7.34
1.243   0.0398     8.87
1.344   0.0550    10.25
298300
10
-0.180   0.0704    -3.59
0.060   0.0484    -2.07
0.365   0.0297    -0.49
0.586   0.0196     1.08
0.747   0.0202     2.63
0.890   0.0221     4.13
1.026   0.0256     5.66
1.156   0.0314     7.28
1.268   0.0396     8.93
1.361   0.0505    10.42
402400
2
-0.182   0.0687    -3.60
0.143   0.0441    -2.06
397200
7
0.409   0.0251    -0.52
0.597   0.0186     0.92
0.765   0.0195     2.50
0.941   0.0221     4.33
1.087   0.0259     6.00
1.209   0.0314     7.64
1.318   0.0392     9.42
Airfoil: CLARKYB
Builder: J. Robertson
Comment: clean
7
60700
9
-0.084   0.0265    -2.07
0.076   0.0232    -0.45
0.222   0.0295     1.02
0.389   0.0333     2.54
0.604   0.0339     4.16
0.744   0.0357     5.71
0.884   0.0389     7.19
1.016   0.0390     8.74
1.127   0.0349    10.26
59500
2
1.169   0.0355    11.31
1.221   0.0374    12.80
100000
9
-0.125   0.0249    -3.07
0.070   0.0220    -1.42
0.235   0.0229     0.01
0.436   0.0240     1.64
0.605   0.0225     3.17
0.759   0.0206     4.64
0.907   0.0193     6.20
1.033   0.0207     7.72
1.152   0.0255     9.29
99000
1
1.299   0.0326    12.30
200000
12
-0.177   0.0213    -4.64
0.038   0.0156    -2.92
0.166   0.0132    -1.57
0.338   0.0105     0.10
0.526   0.0111     1.74
0.654   0.0115     3.11
0.810   0.0125     4.76
0.944   0.0147     6.24
1.073   0.0170     7.78
1.197   0.0192     9.30
1.290   0.0225    10.78
1.309   0.0349    12.35
299800
12
-0.111   0.0156    -4.56
0.032   0.0124    -2.97
0.177   0.0102    -1.44
0.348   0.0088     0.14
0.541   0.0090     1.71
0.694   0.0097     3.28
0.846   0.0108     4.95
0.963   0.0125     6.28
1.104   0.0148     7.87
1.219   0.0168     9.26
1.304   0.0212    10.77
1.334   0.0316    12.32
399900
12
-0.132   0.0142    -4.70
0.027   0.0111    -3.00
0.181   0.0095    -1.48
0.337   0.0074     0.10
0.550   0.0079     1.69
0.696   0.0086     3.21
0.836   0.0098     4.78
0.990   0.0116     6.51
1.129   0.0138     8.06
1.245   0.0165     9.56
1.303   0.0223    10.96
1.332   0.0307    12.39
Airfoil: CLARKYBT
Builder: J. Robertson
Comment: Zig-Zag trip type "C" @ u.s. x/c = 2% & l.s. x/c = 5% (h = 0.023")
5
99800
9
-0.115   0.0253    -3.10
0.080   0.0241    -1.42
0.303   0.0253     0.09
0.530   0.0164     1.67
0.643   0.0157     3.18
0.739   0.0181     4.77
0.842   0.0228     6.29
0.948   0.0279     7.78
1.040   0.0321     9.22
99600
1
1.103   0.0383    10.74
199900
11
-0.179   0.0199    -4.70
0.027   0.0166    -3.08
0.196   0.0138    -1.29
0.334   0.0132     0.22
0.467   0.0148     1.76
0.586   0.0175     3.22
0.711   0.0198     4.78
0.817   0.0216     6.22
0.922   0.0258     7.82
1.004   0.0319     9.25
1.065   0.0437    10.86
300100
11
-0.109   0.0153    -4.53
0.027   0.0138    -3.05
0.164   0.0132    -1.43
0.329   0.0136     0.20
0.470   0.0154     1.81
0.608   0.0172     3.36
0.729   0.0190     4.81
0.832   0.0210     6.14
0.953   0.0250     7.85
1.025   0.0294     9.17
1.084   0.0394    10.77
400700
11
-0.124   0.0139    -4.60
0.013   0.0130    -3.03
0.151   0.0130    -1.49
0.304   0.0136     0.10
0.450   0.0150     1.65
0.598   0.0165     3.25
0.739   0.0184     4.90
0.862   0.0209     6.47
0.958   0.0244     7.92
1.022   0.0295     9.21
1.081   0.0406    10.82
Airfoil: DH4009
Builder: D. Stanley
Comment: clean
5
100000
14
-0.339   0.0162    -3.66
-0.295   0.0129    -2.62
-0.085   0.0155    -1.59
0.046   0.0122    -0.53
0.051   0.0139     0.43
0.174   0.0138     1.47
0.356   0.0121     2.88
0.389   0.0159     3.51
0.462   0.0217     4.54
0.549   0.0293     5.58
0.636   0.0424     6.60
0.717   0.0637     7.61
0.784   0.1076     8.68
0.821   0.1478    10.16
200800
13
-0.352   0.0149    -3.65
-0.278   0.0119    -2.63
-0.193   0.0112    -1.56
-0.063   0.0107    -0.60
0.063   0.0095     0.43
0.187   0.0089     1.46
0.317   0.0090     2.49
0.386   0.0138     3.52
0.465   0.0176     4.55
0.548   0.0246     5.56
0.646   0.0415     6.57
0.737   0.0715     7.65
0.799   0.1097     8.61
301500
11
-0.362   0.0139    -3.65
-0.271   0.0120    -2.61
-0.149   0.0087    -1.60
-0.035   0.0083    -0.58
0.125   0.0075     1.20
0.163   0.0078     1.58
0.309   0.0086     2.53
0.412   0.0135     3.57
0.490   0.0169     4.55
0.584   0.0272     5.63
0.668   0.0439     6.60
401700
10
-0.379   0.0138    -3.71
-0.266   0.0104    -2.66
-0.149   0.0067    -1.62
-0.039   0.0067    -0.58
0.049   0.0068     0.42
0.186   0.0065     1.56
0.289   0.0078     2.52
0.400   0.0115     3.53
0.497   0.0155     4.54
0.592   0.0266     5.61
501500
11
-0.387   0.0148    -3.81
-0.250   0.0106    -2.71
-0.146   0.0064    -1.69
-0.034   0.0060    -0.58
0.068   0.0060     0.45
0.175   0.0063     1.50
0.279   0.0070     2.54
0.380   0.0109     3.53
0.486   0.0132     4.54
0.578   0.0210     5.59
0.659   0.0386     6.62
Airfoil: E231
Builder: M. Lachowski
Comment: clean
7
60900
15
-0.223   0.0197    -2.51
-0.124   0.0204    -1.44
-0.021   0.0230    -0.44
0.071   0.0275     0.59
0.141   0.0310     1.61
0.214   0.0391     2.62
0.282   0.0437     3.67
0.365   0.0499     4.67
0.504   0.0515     5.75
0.734   0.0362     6.75
0.840   0.0318     7.81
0.901   0.0333     8.79
0.953   0.0394     9.82
0.992   0.0442    10.81
1.027   0.0539    11.86
60800
2
-0.452   0.0276    -4.57
-0.363   0.0219    -3.53
99900
14
-0.210   0.0188    -2.50
-0.024   0.0219    -1.44
0.067   0.0225    -0.36
0.120   0.0253     0.65
0.185   0.0293     1.66
0.260   0.0331     2.62
0.380   0.0367     3.70
0.608   0.0302     4.77
0.734   0.0231     5.73
0.839   0.0189     6.78
0.929   0.0198     7.82
0.994   0.0242     8.82
1.040   0.0303     9.87
1.080   0.0359    10.83
101900
2
-0.371   0.0264    -4.54
-0.283   0.0219    -3.53
200600
16
-0.238   0.0195    -4.56
-0.159   0.0175    -3.48
-0.095   0.0148    -2.35
-0.021   0.0163    -1.38
0.153   0.0185    -0.29
0.306   0.0149     0.61
0.425   0.0160     1.78
0.506   0.0155     2.73
0.590   0.0147     3.69
0.703   0.0131     4.72
0.795   0.0124     5.75
0.882   0.0135     6.82
0.943   0.0163     7.84
0.999   0.0204     8.85
1.052   0.0244     9.83
1.099   0.0294    10.84
301000
16
-0.284   0.0168    -4.57
-0.177   0.0150    -3.39
-0.090   0.0120    -2.26
-0.039   0.0113    -1.51
0.050   0.0123    -0.44
0.160   0.0112     0.57
0.382   0.0117     1.72
0.518   0.0108     2.78
0.627   0.0102     3.75
0.723   0.0100     4.72
0.820   0.0106     5.74
0.902   0.0126     6.83
0.954   0.0151     7.85
1.019   0.0180     8.86
1.080   0.0216     9.83
1.130   0.0262    10.85
400400
16
-0.302   0.0146    -4.53
-0.203   0.0133    -3.48
-0.110   0.0113    -2.47
-0.034   0.0089    -1.44
0.064   0.0094    -0.34
0.182   0.0097     0.64
0.314   0.0088     1.69
0.439   0.0084     2.66
0.589   0.0093     3.75
0.724   0.0085     4.78
0.835   0.0094     5.83
0.905   0.0120     6.80
0.945   0.0143     7.80
1.013   0.0169     8.83
1.085   0.0200     9.86
1.128   0.0243    10.86
Airfoil: E374B
Builder: M. Bame
Comment: clean
4
60200
16
-0.382   0.0225    -5.46
-0.334   0.0168    -4.38
-0.258   0.0216    -3.19
-0.151   0.0226    -2.17
0.001   0.0228    -1.11
0.122   0.0282    -0.26
0.213   0.0337     0.94
0.284   0.0363     1.96
0.344   0.0423     2.98
0.432   0.0466     4.01
0.619   0.0472     5.06
0.771   0.0392     6.12
0.877   0.0278     7.14
0.928   0.0346     8.13
0.973   0.0459     9.14
1.015   0.0536     9.97
100100
16
-0.416   0.0236    -5.62
-0.269   0.0182    -4.04
-0.114   0.0156    -3.00
-0.020   0.0153    -2.38
0.123   0.0181    -1.34
0.236   0.0198    -0.28
0.307   0.0234     0.71
0.374   0.0263     1.71
0.440   0.0289     2.74
0.529   0.0296     3.78
0.634   0.0239     4.81
0.740   0.0196     5.83
0.846   0.0184     6.88
0.902   0.0247     7.86
0.947   0.0344     8.91
0.986   0.0456     9.93
200500
16
-0.301   0.0174    -5.18
-0.152   0.0119    -3.80
-0.127   0.0115    -3.50
-0.050   0.0103    -2.47
0.036   0.0105    -1.51
0.293   0.0112     0.48
0.304   0.0112     0.60
0.471   0.0121     2.44
0.508   0.0124     2.71
0.604   0.0128     3.74
0.736   0.0127     4.75
0.841   0.0127     5.76
0.930   0.0154     6.82
0.996   0.0263     8.38
1.016   0.0292     8.85
1.050   0.0371     9.87
301200
17
-0.470   0.0275    -6.40
-0.347   0.0183    -5.42
-0.242   0.0138    -4.40
-0.163   0.0113    -3.42
-0.071   0.0094    -2.36
0.012   0.0085    -1.35
0.094   0.0089    -0.40
0.232   0.0091     0.71
0.396   0.0095     1.74
0.502   0.0100     2.79
0.608   0.0103     3.81
0.715   0.0105     4.84
0.818   0.0110     5.87
0.900   0.0144     6.91
0.947   0.0202     7.92
0.996   0.0252     8.94
1.035   0.0323     9.95
Airfoil: E387C
Builder: J. Robertson
Comment: clean (used for validating UIUC data against LTPT data)
5
59885
16
-0.179   0.0331    -4.13
-0.084   0.0261    -3.05
0.053   0.0219    -2.08
0.176   0.0221    -1.00
0.270   0.0256    -0.02
0.398   0.0302     1.00
0.462   0.0346     2.05
0.521   0.0400     3.07
0.571   0.0501     4.09
0.637   0.0563     5.07
0.708   0.0717     6.20
0.760   0.0844     7.11
1.064   0.0356     8.29
1.159   0.0299     9.17
1.185   0.0374    10.29
1.206   0.0486    11.27
99744
15
-0.119   0.0306    -4.08
0.025   0.0211    -3.05
0.160   0.0176    -2.04
0.267   0.0164    -0.95
0.356   0.0190     0.05
0.450   0.0214     1.04
0.547   0.0241     2.19
0.625   0.0275     3.06
0.728   0.0282     4.12
0.837   0.0264     5.16
0.937   0.0227     6.16
1.038   0.0211     7.15
1.133   0.0202     8.22
1.179   0.0258     9.24
1.193   0.0359    10.27
199604
15
-0.046   0.0202    -3.99
0.066   0.0145    -2.81
0.148   0.0126    -1.93
0.245   0.0101    -0.92
0.344   0.0106     0.06
0.462   0.0116     1.17
0.562   0.0124     2.10
0.671   0.0134     3.10
0.779   0.0141     4.15
0.899   0.0146     5.30
0.984   0.0147     6.17
1.099   0.0150     7.32
1.172   0.0179     8.32
1.202   0.0262     9.27
1.216   0.0341    10.26
299856
15
-0.075   0.0208    -4.11
0.028   0.0140    -3.08
0.138   0.0114    -2.04
0.249   0.0095    -0.99
0.360   0.0086     0.11
0.465   0.0091     1.02
0.580   0.0097     2.10
0.689   0.0105     3.11
0.803   0.0111     4.19
0.907   0.0115     5.13
1.023   0.0119     6.23
1.131   0.0130     7.33
1.198   0.0176     8.34
1.233   0.0248     9.32
1.251   0.0319    10.32
458992
15
-0.078   0.0189    -4.10
0.026   0.0124    -3.08
0.139   0.0102    -2.03
0.248   0.0089    -1.04
0.356   0.0072     0.02
0.485   0.0075     1.16
0.578   0.0079     2.03
0.728   0.0087     3.36
0.808   0.0092     4.10
0.917   0.0097     5.09
1.055   0.0105     6.42
1.129   0.0128     7.27
1.196   0.0176     8.30
1.250   0.0229     9.36
1.277   0.0287    10.47
Airfoil: E387D
Builder: Y. Tinel
Comment: clean (6" chord)
1
59507
16
-0.282   0.0556    -4.25
-0.178   0.0379    -3.19
-0.046   0.0278    -2.09
0.070   0.0247    -1.31
0.226   0.0248    -0.12
0.356   0.0283     0.95
0.450   0.0331     1.97
0.532   0.0383     3.11
0.598   0.0423     3.97
0.663   0.0496     5.02
0.750   0.0504     5.93
0.937   0.0419     6.85
1.038   0.0353     7.70
1.161   0.0281     9.09
1.189   0.0374    10.02
1.213   0.0489    10.94
Airfoil: E472
Builder: D. Stanley
Comment: clean
8
100300
14
-0.301   0.0177    -2.95
-0.209   0.0168    -1.94
-0.119   0.0141    -0.90
0.047   0.0122     0.16
0.184   0.0146     1.16
0.278   0.0166     2.21
0.374   0.0187     3.22
0.465   0.0207     4.24
0.558   0.0240     5.29
0.639   0.0313     6.28
0.733   0.0380     7.33
0.730   0.1006     8.34
0.687   0.1452     9.30
0.667   0.1640    10.32
200100
15
-0.335   0.0138    -2.94
-0.198   0.0130    -1.90
-0.064   0.0109    -0.90
0.032   0.0102     0.14
0.118   0.0117     1.15
0.257   0.0132     2.20
0.367   0.0143     3.22
0.466   0.0156     4.26
0.561   0.0176     5.27
0.656   0.0196     6.27
0.748   0.0221     7.31
0.842   0.0245     8.35
0.929   0.0273     9.35
1.013   0.0307    10.40
1.084   0.0345    11.42
200100
1
0.671   0.1673    12.26
300900
16
-0.333   0.0120    -2.89
-0.179   0.0112    -1.88
-0.058   0.0103    -0.85
0.036   0.0106     0.21
0.121   0.0102     1.15
0.247   0.0109     2.19
0.384   0.0121     3.24
0.486   0.0131     4.33
0.573   0.0143     5.26
0.669   0.0155     6.29
0.769   0.0169     7.34
0.867   0.0181     8.37
0.969   0.0198     9.47
1.067   0.0224    10.58
1.135   0.0254    11.44
1.202   0.0294    12.47
298100
2
1.245   0.0339    13.71
1.257   0.0409    14.42
401000
16
-0.304   0.0105    -2.90
-0.185   0.0098    -2.02
-0.059   0.0101    -0.81
0.036   0.0104     0.18
0.133   0.0102     1.15
0.234   0.0098     2.19
0.372   0.0105     3.25
0.484   0.0115     4.25
0.582   0.0125     5.28
0.690   0.0137     6.38
0.787   0.0146     7.35
0.894   0.0159     8.45
1.020   0.0179     9.84
1.063   0.0190    10.45
1.156   0.0225    11.64
1.237   0.0277    12.94
397000
2
1.271   0.0313    13.90
1.257   0.0732    14.71
501400
17
-0.369   0.0099    -3.14
-0.192   0.0093    -1.79
-0.064   0.0098    -0.48
0.028   0.0101     0.45
0.109   0.0102     1.28
0.210   0.0099     2.28
0.312   0.0094     3.27
0.433   0.0102     4.20
0.552   0.0112     5.31
0.635   0.0121     6.24
0.750   0.0131     7.40
0.850   0.0140     8.40
0.985   0.0156     9.73
1.079   0.0172    10.74
1.186   0.0207    12.02
1.209   0.0217    12.40
1.285   0.0276    13.62
Airfoil: ESA
Builder: B. Halkett
Comment: clean
5
100500
15
-0.477   0.0295    -4.67
-0.373   0.0226    -3.64
-0.256   0.0182    -2.60
-0.185   0.0167    -1.58
-0.024   0.0166    -0.56
0.060   0.0172     0.42
0.140   0.0168     1.49
0.220   0.0173     2.52
0.300   0.0180     3.53
0.396   0.0194     4.53
0.514   0.0217     5.60
0.621   0.0247     6.60
0.718   0.0290     7.64
0.806   0.0325     8.64
0.903   0.0397     9.68
200600
16
-0.505   0.0274    -4.67
-0.418   0.0206    -3.67
-0.318   0.0174    -2.65
-0.212   0.0148    -1.61
-0.133   0.0115    -0.56
0.019   0.0119     0.45
0.105   0.0115     1.49
0.205   0.0123     2.56
0.305   0.0132     3.54
0.416   0.0144     4.59
0.522   0.0160     5.60
0.648   0.0181     6.65
0.755   0.0197     7.66
0.860   0.0218     8.68
0.963   0.0240     9.70
1.070   0.0269    10.82
301600
16
-0.533   0.0281    -4.61
-0.446   0.0192    -3.65
-0.340   0.0155    -2.61
-0.233   0.0135    -1.59
-0.145   0.0095    -0.56
-0.027   0.0119     0.48
0.102   0.0107     1.59
0.211   0.0105     2.61
0.338   0.0116     3.64
0.452   0.0128     4.71
0.555   0.0138     5.69
0.663   0.0151     6.69
0.792   0.0166     7.88
0.915   0.0186     9.04
1.062   0.0209    10.42
1.115   0.0219    10.94
403800
10
-0.460   0.0177    -3.66
-0.261   0.0126    -1.75
-0.220   0.0121    -1.36
-0.137   0.0086    -0.48
-0.029   0.0097     0.65
0.062   0.0106     1.55
0.209   0.0100     2.49
0.368   0.0109     3.96
0.434   0.0114     4.55
0.588   0.0126     5.93
398100
7
0.542   0.0125     5.58
0.664   0.0137     6.73
0.776   0.0145     7.69
0.884   0.0158     8.67
1.001   0.0174     9.77
1.110   0.0195    10.82
1.203   0.0215    11.90
Airfoil: FALCON
Builder: B. Devaney
Comment: clean
6
100200
16
-0.436   0.0231    -5.23
-0.385   0.0187    -4.20
-0.276   0.0171    -3.16
-0.118   0.0156    -2.14
0.065   0.0187    -1.08
0.256   0.0183    -0.03
0.340   0.0166     1.01
0.405   0.0172     2.01
0.482   0.0182     3.03
0.552   0.0195     4.03
0.634   0.0207     5.07
0.722   0.0213     6.07
0.816   0.0225     7.10
0.897   0.0252     8.11
0.991   0.0277     9.26
1.061   0.0305    10.15
100200
2
1.059   0.0306    11.16
1.132   0.0322    12.22
200500
16
-0.466   0.0186    -5.22
-0.323   0.0129    -4.16
-0.190   0.0107    -3.10
-0.099   0.0100    -2.11
-0.018   0.0092    -1.08
0.081   0.0103    -0.06
0.236   0.0116     0.96
0.384   0.0134     2.02
0.465   0.0129     3.01
0.549   0.0135     4.03
0.639   0.0146     5.04
0.734   0.0154     6.08
0.831   0.0167     7.15
0.919   0.0182     8.14
1.005   0.0200     9.16
1.087   0.0216    10.16
198700
2
1.165   0.0239    11.19
1.233   0.0263    12.21
301300
18
-0.526   0.0181    -5.27
-0.377   0.0167    -4.10
-0.237   0.0119    -3.06
-0.145   0.0094    -2.05
-0.062   0.0087    -1.04
0.022   0.0094    -0.05
0.121   0.0097     0.90
0.265   0.0103     1.97
0.507   0.0123     3.08
0.593   0.0116     4.02
0.693   0.0125     5.12
0.785   0.0134     6.11
0.877   0.0144     7.11
0.970   0.0155     8.15
1.058   0.0170     9.16
1.139   0.0188    10.18
1.215   0.0215    11.23
1.262   0.0263    12.24
401700
16
-0.376   0.0125    -4.17
-0.251   0.0106    -3.06
-0.148   0.0097    -1.99
-0.079   0.0085    -1.18
0.028   0.0081    -0.05
0.121   0.0086     0.98
0.344   0.0107     2.01
0.508   0.0132     3.09
0.622   0.0111     4.11
0.716   0.0116     5.11
0.811   0.0123     6.10
0.907   0.0133     7.13
1.004   0.0144     8.17
1.091   0.0158     9.20
1.175   0.0180    10.29
1.246   0.0217    11.45
Airfoil: GOE417A
Builder: M. Fox
Comment: clean
5
59300
10
-0.230   0.0773    -2.25
-0.066   0.0607    -0.67
0.178   0.0457     0.87
0.479   0.0360     2.49
0.710   0.0364     3.95
0.984   0.0285     5.62
1.131   0.0213     7.10
1.238   0.0226     8.65
1.337   0.0283    10.17
1.398   0.0412    11.76
99500
11
-0.332   0.0720    -3.77
-0.220   0.0608    -2.20
0.066   0.0450    -0.63
0.341   0.0362     0.87
0.598   0.0296     2.43
0.819   0.0241     4.05
0.943   0.0191     5.54
1.076   0.0166     7.06
1.211   0.0202     8.62
1.304   0.0311    10.13
1.371   0.0441    11.65
198500
11
-0.289   0.0672    -3.73
-0.027   0.0454    -2.24
0.283   0.0314    -0.69
0.568   0.0209     0.94
0.759   0.0162     2.57
0.923   0.0137     4.09
1.067   0.0140     5.64
1.185   0.0163     7.14
1.272   0.0237     8.66
1.345   0.0320    10.21
1.387   0.0448    11.64
297500
11
-0.127   0.0556    -3.73
0.101   0.0394    -2.15
0.409   0.0252    -0.39
0.590   0.0185     0.94
0.778   0.0143     2.50
0.939   0.0123     4.02
1.075   0.0129     5.54
1.199   0.0159     7.15
1.291   0.0225     8.71
1.370   0.0303    10.30
1.408   0.0436    11.69
398800
4
0.172   0.0364    -2.40
0.498   0.0217    -0.34
0.672   0.0165     1.01
0.842   0.0133     2.49
Airfoil: LRN1007B
Builder: M. Allen
Comment: clean
5
59500
16
-0.293   0.0873    -3.56
-0.128   0.0603    -2.50
0.052   0.0498    -1.45
0.218   0.0459    -0.40
0.325   0.0456     0.60
0.417   0.0432     1.63
0.506   0.0457     2.64
0.575   0.0471     3.67
0.630   0.0508     4.67
0.693   0.0572     5.70
0.763   0.0687     6.70
0.862   0.0819     7.76
1.255   0.0323     8.89
1.257   0.0373     9.87
1.250   0.0459    10.84
1.247   0.0546    11.86
100200
10
-0.210   0.0762    -3.52
0.051   0.0543    -2.47
0.223   0.0468    -1.38
0.312   0.0445    -0.40
0.397   0.0406     0.63
0.488   0.0412     1.65
0.577   0.0469     2.67
0.666   0.0511     3.71
0.751   0.0596     4.72
0.897   0.0571     5.73
98800
9
0.586   0.0459     3.67
0.668   0.0527     4.73
0.750   0.0625     5.76
0.903   0.0587     6.79
1.237   0.0233     7.86
1.276   0.0266     8.87
1.264   0.0381     9.86
1.262   0.0479    10.85
1.268   0.0565    11.88
199100
16
-0.093   0.0673    -4.54
0.003   0.0575    -3.33
0.152   0.0449    -2.32
0.293   0.0375    -1.34
0.421   0.0333    -0.32
0.615   0.0309     0.71
0.742   0.0292     1.79
0.859   0.0258     2.81
0.991   0.0231     3.93
1.101   0.0203     4.86
1.205   0.0166     5.78
1.255   0.0190     6.79
1.257   0.0288     7.83
1.263   0.0382     8.84
1.275   0.0477     9.87
1.290   0.0584    10.86
298700
15
-0.139   0.0726    -5.50
-0.016   0.0571    -4.47
0.150   0.0424    -3.42
0.338   0.0306    -2.27
0.456   0.0257    -1.36
0.587   0.0223    -0.25
0.695   0.0199     0.71
0.806   0.0182     1.73
0.922   0.0154     2.87
1.017   0.0145     3.78
1.123   0.0133     4.78
1.228   0.0115     5.82
1.239   0.0212     6.84
1.250   0.0285     7.86
1.263   0.0380     8.94
Airfoil: PT40A
Builder: T. Lampe
Comment: clean
4
100600
16
-0.353   0.0957    -5.91
-0.261   0.0608    -3.70
-0.170   0.0435    -3.07
0.038   0.0314    -1.68
0.144   0.0300    -1.04
0.349   0.0237     0.34
0.445   0.0213     1.33
0.535   0.0179     2.27
0.631   0.0167     3.28
0.714   0.0176     4.30
0.799   0.0208     5.31
0.883   0.0229     6.30
0.964   0.0245     7.27
1.061   0.0284     8.57
1.100   0.0303     9.16
1.173   0.0388    10.39
200200
16
-0.200   0.0602    -4.28
-0.084   0.0425    -3.53
0.049   0.0267    -2.50
0.149   0.0198    -1.50
0.333   0.0147     0.32
0.361   0.0149     0.63
0.463   0.0139     1.64
0.567   0.0134     2.71
0.660   0.0119     3.70
0.751   0.0136     4.72
0.843   0.0158     5.73
0.976   0.0183     7.24
1.019   0.0192     7.79
1.096   0.0226     8.88
1.157   0.0259     9.87
1.208   0.0313    10.88
299800
16
-0.025   0.0348    -3.28
0.065   0.0240    -2.38
0.166   0.0173    -1.35
0.271   0.0141    -0.32
0.379   0.0130     0.71
0.483   0.0127     1.73
0.629   0.0121     3.25
0.680   0.0113     3.78
0.777   0.0125     4.81
0.873   0.0138     5.85
0.952   0.0150     6.78
1.031   0.0167     7.75
1.119   0.0194     8.90
1.214   0.0246    10.35
1.239   0.0268    10.86
1.284   0.0326    11.89
399500
16
-0.037   0.0353    -3.37
0.056   0.0246    -2.42
0.169   0.0166    -1.35
0.276   0.0134    -0.31
0.368   0.0122     0.57
0.489   0.0119     1.73
0.591   0.0120     2.76
0.656   0.0122     3.49
0.788   0.0117     4.81
0.857   0.0126     5.58
0.953   0.0136     6.64
1.062   0.0159     7.90
1.140   0.0182     8.91
1.206   0.0215     9.93
1.258   0.0257    10.95
1.295   0.0312    11.93
Airfoil: PT40B
Builder: T. Lampe
Comment: clean; open bay
4
99700
15
-0.109   0.0396    -2.84
0.062   0.0275    -1.71
0.174   0.0235    -0.85
0.297   0.0197     0.35
0.384   0.0179     1.34
0.475   0.0171     2.35
0.567   0.0158     3.36
0.659   0.0168     4.43
0.746   0.0195     5.45
0.831   0.0215     6.48
0.920   0.0245     7.48
0.995   0.0268     8.51
1.066   0.0326     9.50
1.126   0.0378    10.46
1.183   0.0458    11.51
200100
15
0.006   0.0253    -2.67
0.115   0.0188    -1.46
0.172   0.0168    -0.85
0.310   0.0146     0.47
0.414   0.0140     1.49
0.512   0.0140     2.48
0.618   0.0134     3.50
0.711   0.0145     4.54
0.799   0.0162     5.54
0.886   0.0181     6.53
0.973   0.0190     7.52
1.047   0.0209     8.45
1.125   0.0250     9.53
1.189   0.0285    10.48
1.245   0.0332    11.54
299800
16
0.004   0.0226    -2.81
0.090   0.0169    -1.76
0.201   0.0142    -0.69
0.322   0.0134     0.32
0.428   0.0132     1.36
0.521   0.0140     2.35
0.626   0.0147     3.48
0.727   0.0141     4.59
0.826   0.0154     5.65
0.908   0.0164     6.64
0.994   0.0184     7.65
1.073   0.0206     8.65
1.145   0.0229     9.59
1.206   0.0267    10.59
1.255   0.0305    11.49
1.293   0.0364    12.50
399100
16
0.019   0.0199    -2.90
0.145   0.0142    -1.62
0.233   0.0130    -0.72
0.336   0.0126     0.29
0.444   0.0131     1.34
0.532   0.0141     2.28
0.637   0.0143     3.34
0.743   0.0132     4.43
0.845   0.0139     5.47
0.942   0.0153     6.60
1.007   0.0169     7.36
1.120   0.0197     8.75
1.166   0.0214     9.46
1.233   0.0242    10.48
1.296   0.0286    11.55
1.336   0.0332    12.59
Airfoil: RG14
Builder: R. Cavazos
Comment: clean
4
60400
16
-0.410   0.0321    -5.20
-0.329   0.0250    -4.18
-0.263   0.0180    -3.23
-0.166   0.0159    -2.17
-0.084   0.0126    -1.13
0.021   0.0125    -0.14
0.136   0.0159     0.93
0.271   0.0169     1.93
0.485   0.0163     3.01
0.654   0.0162     4.65
0.713   0.0175     5.09
0.804   0.0243     6.12
0.885   0.0261     7.13
0.949   0.0297     8.13
1.006   0.0371     9.12
1.052   0.0456    10.13
100600
16
-0.375   0.0276    -5.20
-0.290   0.0204    -4.14
-0.208   0.0156    -3.17
-0.128   0.0119    -2.12
-0.053   0.0101    -1.13
0.050   0.0123    -0.09
0.165   0.0138     0.92
0.336   0.0142     1.97
0.450   0.0125     2.99
0.551   0.0133     4.01
0.646   0.0149     5.07
0.750   0.0178     6.11
0.841   0.0187     7.10
0.918   0.0254     8.12
0.985   0.0327     9.13
1.034   0.0414    10.12
199900
16
-0.395   0.0226    -5.25
-0.308   0.0166    -4.16
-0.218   0.0131    -3.14
-0.129   0.0102    -2.21
0.010   0.0097    -1.08
0.151   0.0096    -0.07
0.287   0.0088     0.96
0.399   0.0084     1.97
0.497   0.0092     3.00
0.593   0.0105     4.03
0.692   0.0120     5.06
0.783   0.0144     6.06
0.875   0.0172     7.14
0.956   0.0207     8.13
1.032   0.0255     9.13
1.083   0.0340    10.14
300300
16
-0.401   0.0218    -5.28
-0.304   0.0150    -4.12
-0.202   0.0118    -3.13
-0.057   0.0097    -2.05
0.065   0.0078    -1.04
0.186   0.0068     0.02
0.311   0.0065     1.07
0.426   0.0072     2.20
0.516   0.0084     3.12
0.597   0.0093     3.96
0.711   0.0111     5.11
0.804   0.0129     6.12
0.896   0.0151     7.15
0.975   0.0180     8.11
1.058   0.0220     9.17
1.111   0.0290    10.12
Airfoil: RG15CF2
Builder: B. Champine
Comment: flap = 2.5 degs
4
60056
17
-0.297   0.0390    -6.93
-0.227   0.0286    -6.06
-0.151   0.0238    -5.10
-0.069   0.0163    -4.06
0.004   0.0128    -2.90
0.101   0.0172    -2.02
0.195   0.0170    -0.97
0.299   0.0193     0.20
0.411   0.0231     1.07
0.598   0.0217     2.32
0.696   0.0214     3.29
0.758   0.0237     4.17
0.853   0.0256     5.32
0.904   0.0260     6.18
0.973   0.0301     7.21
1.003   0.0390     8.16
1.051   0.0527     9.36
99818
17
-0.399   0.0401    -7.12
-0.296   0.0261    -5.99
-0.189   0.0197    -4.86
-0.098   0.0152    -3.99
-0.023   0.0148    -2.99
0.076   0.0121    -1.87
0.166   0.0153    -0.95
0.319   0.0164     0.09
0.478   0.0142     1.17
0.566   0.0146     2.17
0.659   0.0149     3.01
0.772   0.0160     4.18
0.862   0.0180     5.17
0.941   0.0209     6.17
0.995   0.0294     7.44
1.033   0.0377     8.44
1.060   0.0454     9.22
199819
17
-0.325   0.0296    -6.96
-0.236   0.0205    -5.94
-0.126   0.0156    -4.83
-0.034   0.0140    -3.92
0.078   0.0117    -2.92
0.217   0.0104    -1.78
0.322   0.0090    -0.89
0.436   0.0096     0.20
0.548   0.0094     1.24
0.652   0.0106     2.28
0.745   0.0118     3.20
0.843   0.0137     4.28
0.935   0.0167     5.42
0.992   0.0202     6.28
1.047   0.0256     7.28
1.094   0.0322     8.30
1.127   0.0412     9.25
299791
17
-0.310   0.0285    -7.14
-0.202   0.0176    -6.14
-0.094   0.0133    -5.09
0.034   0.0110    -3.83
0.130   0.0087    -2.96
0.245   0.0086    -1.88
0.337   0.0082    -0.96
0.482   0.0076     0.51
0.578   0.0082     1.40
0.612   0.0085     1.75
0.777   0.0110     3.37
0.873   0.0131     4.40
0.955   0.0156     5.32
1.030   0.0196     6.35
1.098   0.0251     7.44
1.144   0.0311     8.43
1.167   0.0378     9.14
Airfoil: S6063
Builder: R. Cavazos
Comment: clean
4
60000
15
-0.416   0.0328    -4.89
-0.323   0.0210    -3.88
-0.250   0.0181    -2.87
-0.124   0.0122    -1.83
-0.047   0.0108    -0.81
0.021   0.0122     0.21
0.119   0.0133     1.24
0.232   0.0160     2.26
0.431   0.0174     3.30
0.519   0.0164     4.34
0.580   0.0176     5.33
0.648   0.0188     6.37
0.722   0.0286     7.36
0.792   0.0374     8.38
0.853   0.0505     9.40
100000
15
-0.375   0.0271    -4.88
-0.294   0.0199    -3.86
-0.213   0.0153    -2.84
-0.117   0.0088    -1.83
-0.034   0.0090    -0.81
0.029   0.0101     0.22
0.137   0.0101     1.24
0.335   0.0111     2.28
0.441   0.0119     3.32
0.524   0.0126     4.33
0.607   0.0155     5.35
0.687   0.0207     6.37
0.766   0.0282     7.40
0.836   0.0375     8.41
0.900   0.0559     9.43
200100
15
-0.438   0.0205    -4.91
-0.350   0.0159    -3.90
-0.254   0.0128    -2.87
-0.164   0.0093    -1.83
-0.045   0.0069    -0.82
0.084   0.0067     0.22
0.191   0.0077     1.24
0.302   0.0082     2.25
0.392   0.0087     3.30
0.484   0.0103     4.34
0.565   0.0144     5.37
0.646   0.0177     6.37
0.725   0.0227     7.37
0.818   0.0344     8.40
0.896   0.0797     9.44
300600
15
-0.448   0.0179    -4.91
-0.352   0.0135    -3.86
-0.257   0.0115    -2.86
-0.163   0.0094    -1.84
-0.043   0.0064    -0.81
0.102   0.0060     0.23
0.188   0.0064     1.27
0.286   0.0068     2.26
0.410   0.0077     3.29
0.507   0.0103     4.32
0.596   0.0139     5.37
0.682   0.0174     6.37
0.764   0.0225     7.40
0.845   0.0342     8.43
0.913   0.0769     9.44
Airfoil: S7012B0T
Builder: M. Lachowski
Comment: flap = 0 degs; Zig-Zag trip type "C" @ u.s. x/c=2% & l.s. x/c=5% (h = 0.023")
4
100500
9
-0.151   0.0166    -2.79
-0.019   0.0156    -1.28
0.184   0.0148     0.28
0.305   0.0113     1.82
0.437   0.0158     3.34
0.580   0.0198     4.87
0.729   0.0223     6.42
0.871   0.0266     7.97
0.998   0.0343     9.49
199600
9
-0.141   0.0135    -2.81
0.042   0.0125    -1.27
0.198   0.0131     0.31
0.354   0.0153     1.84
0.511   0.0166     3.35
0.666   0.0178     4.92
0.803   0.0203     6.43
0.940   0.0247     7.99
1.067   0.0296     9.50
198500
1
1.157   0.0398    11.05
300100
10
-0.143   0.0126    -2.92
0.022   0.0123    -1.28
0.196   0.0134     0.37
0.348   0.0145     1.82
0.512   0.0157     3.37
0.662   0.0174     4.90
0.805   0.0197     6.44
0.937   0.0228     7.95
1.074   0.0266     9.51
1.160   0.0328    11.01
Airfoil: S7012BF2
Builder: M. Lachowski
Comment: clean, flap = 2.5 degs
4
59938
16
-0.313   0.0264    -5.68
-0.212   0.0211    -4.57
-0.120   0.0157    -3.59
-0.044   0.0172    -2.54
0.044   0.0145    -1.56
0.159   0.0167    -0.53
0.280   0.0163     0.51
0.420   0.0237     1.56
0.536   0.0266     2.62
0.615   0.0245     3.60
0.695   0.0238     4.69
0.757   0.0264     5.63
0.823   0.0273     6.64
0.878   0.0292     7.68
0.919   0.0355     8.63
0.951   0.0470     9.66
100182
16
-0.333   0.0241    -5.68
-0.227   0.0191    -4.64
-0.106   0.0142    -3.59
-0.006   0.0130    -2.53
0.080   0.0102    -1.53
0.218   0.0133    -0.41
0.349   0.0134     0.55
0.457   0.0111     1.65
0.549   0.0146     2.61
0.633   0.0160     3.65
0.731   0.0182     4.70
0.825   0.0197     5.61
0.942   0.0223     6.74
0.998   0.0292     7.69
1.055   0.0409     8.78
1.086   0.0532     9.77
200048
16
-0.222   0.0166    -5.52
-0.124   0.0130    -4.56
0.002   0.0103    -3.40
0.089   0.0095    -2.55
0.200   0.0099    -1.52
0.308   0.0101    -0.47
0.405   0.0089     0.56
0.511   0.0096     1.62
0.609   0.0110     2.59
0.717   0.0121     3.61
0.823   0.0132     4.62
0.926   0.0146     5.62
1.025   0.0186     6.78
1.086   0.0252     7.73
1.134   0.0323     8.73
1.155   0.0430     9.70
299562
16
-0.217   0.0135    -5.48
-0.110   0.0108    -4.47
-0.022   0.0092    -3.62
0.115   0.0085    -2.37
0.216   0.0084    -1.39
0.311   0.0079    -0.41
0.424   0.0074     0.74
0.534   0.0083     1.78
0.615   0.0090     2.53
0.763   0.0107     3.89
0.834   0.0114     4.59
0.949   0.0133     5.73
1.029   0.0163     6.68
1.104   0.0222     7.70
1.160   0.0286     8.70
1.186   0.0395     9.77
Airfoil: S7075A0
Builder: J. Robertson
Comment: flap = 0 degs: clean
4
59800
15
-0.188   0.0277    -4.00
-0.111   0.0226    -2.99
-0.032   0.0165    -1.97
0.076   0.0185    -0.95
0.180   0.0208     0.08
0.297   0.0201     1.12
0.445   0.0246     2.14
0.606   0.0286     3.17
0.753   0.0267     4.23
0.847   0.0228     5.26
0.931   0.0248     6.27
1.008   0.0209     7.29
1.073   0.0291     8.31
1.123   0.0341     9.31
1.173   0.0446    10.34
99600
15
-0.177   0.0239    -4.00
-0.081   0.0183    -2.96
0.015   0.0172    -1.96
0.108   0.0150    -0.95
0.273   0.0171     0.09
0.422   0.0191     1.13
0.563   0.0212     2.17
0.691   0.0210     3.21
0.790   0.0184     4.22
0.886   0.0165     5.26
0.968   0.0181     6.26
1.060   0.0217     7.38
1.118   0.0261     8.32
1.163   0.0331     9.31
1.206   0.0425    10.33
199700
15
-0.111   0.0188    -4.03
0.006   0.0152    -2.99
0.133   0.0133    -1.88
0.250   0.0118    -0.86
0.366   0.0108     0.22
0.472   0.0106     1.20
0.581   0.0101     2.23
0.700   0.0100     3.22
0.807   0.0108     4.27
0.901   0.0127     5.28
0.990   0.0148     6.31
1.068   0.0175     7.31
1.128   0.0220     8.32
1.179   0.0278     9.34
1.219   0.0353    10.37
299400
15
-0.041   0.0144    -3.97
0.059   0.0117    -2.96
0.162   0.0100    -1.93
0.266   0.0085    -0.91
0.395   0.0077     0.15
0.510   0.0078     1.18
0.623   0.0083     2.24
0.730   0.0088     3.27
0.818   0.0096     4.20
0.915   0.0113     5.26
1.007   0.0134     6.32
1.080   0.0156     7.28
1.151   0.0200     8.32
1.208   0.0248     9.34
1.245   0.0312    10.35
Airfoil: S7075A0T
Builder: J. Robertson
Comment: flap = 0 degs: Zig-Zag trip type "E" @ x/c = 58.3% (h = 0.017")
4
60300
16
-0.255   0.0375    -4.01
-0.162   0.0286    -2.99
-0.069   0.0208    -1.98
0.032   0.0164    -0.95
0.146   0.0152     0.07
0.271   0.0182     1.13
0.392   0.0204     2.13
0.531   0.0235     3.18
0.669   0.0271     4.21
0.792   0.0229     5.24
0.883   0.0220     6.26
0.958   0.0205     7.29
1.031   0.0244     8.30
1.090   0.0283     9.32
1.133   0.0330    10.33
1.161   0.0426    11.35
99700
17
-0.322   0.0481    -5.04
-0.228   0.0284    -4.02
-0.120   0.0217    -3.00
0.006   0.0162    -1.97
0.140   0.0087    -0.94
0.271   0.0154     0.10
0.385   0.0171     1.13
0.515   0.0206     2.22
0.633   0.0207     3.20
0.739   0.0177     4.22
0.825   0.0163     5.25
0.905   0.0161     6.29
0.984   0.0196     7.29
1.057   0.0219     8.32
1.105   0.0285     9.32
1.146   0.0355    10.36
1.184   0.0466    11.35
199400
17
-0.207   0.0295    -5.08
-0.077   0.0177    -3.87
0.018   0.0139    -2.92
0.107   0.0115    -1.98
0.215   0.0091    -0.81
0.334   0.0089     0.23
0.436   0.0098     1.13
0.541   0.0105     2.12
0.657   0.0099     3.27
0.757   0.0104     4.27
0.857   0.0118     5.32
0.941   0.0139     6.29
1.025   0.0163     7.33
1.096   0.0193     8.31
1.151   0.0251     9.33
1.199   0.0311    10.34
1.234   0.0393    11.35
299500
17
-0.207   0.0258    -5.02
-0.109   0.0163    -4.00
-0.001   0.0126    -2.92
0.097   0.0101    -1.95
0.203   0.0081    -0.94
0.317   0.0074     0.09
0.438   0.0076     1.14
0.550   0.0078     2.15
0.671   0.0085     3.31
0.780   0.0093     4.37
0.870   0.0108     5.35
0.946   0.0124     6.24
1.031   0.0147     7.27
1.107   0.0177     8.29
1.175   0.0226     9.36
1.222   0.0274    10.35
1.257   0.0355    11.36
Airfoil: S7075B0
Builder: J. Thomas
Comment: flap = 0 degs
4
60300
16
-0.301   0.0269    -5.22
-0.231   0.0236    -4.10
-0.156   0.0180    -3.11
-0.073   0.0164    -2.12
0.030   0.0163    -1.05
0.152   0.0189    -0.04
0.314   0.0254     0.97
0.483   0.0287     2.00
0.627   0.0248     3.04
0.734   0.0238     4.07
0.824   0.0221     5.08
0.905   0.0230     6.16
0.988   0.0306     7.13
1.072   0.0354     8.18
1.133   0.0358     9.18
1.181   0.0428    10.14
99800
16
-0.274   0.0350    -5.19
-0.199   0.0250    -4.18
-0.098   0.0208    -3.11
0.051   0.0167    -1.98
0.159   0.0149    -1.09
0.318   0.0158    -0.06
0.458   0.0168     0.97
0.580   0.0173     2.00
0.680   0.0171     3.05
0.771   0.0168     4.04
0.869   0.0164     5.12
0.959   0.0174     6.10
1.045   0.0200     7.11
1.101   0.0252     8.13
1.165   0.0318     9.15
1.213   0.0394    10.17
199800
16
-0.250   0.0256    -5.23
-0.125   0.0183    -4.15
0.016   0.0149    -3.13
0.135   0.0117    -2.10
0.231   0.0099    -1.07
0.332   0.0099    -0.03
0.443   0.0102     1.01
0.548   0.0099     2.01
0.660   0.0103     3.06
0.762   0.0111     4.08
0.859   0.0124     5.10
0.949   0.0146     6.12
1.029   0.0186     7.15
1.108   0.0227     8.24
1.176   0.0266     9.20
1.224   0.0328    10.19
299800
16
-0.204   0.0216    -5.20
-0.087   0.0146    -4.16
0.024   0.0118    -3.14
0.122   0.0107    -2.11
0.233   0.0086    -1.09
0.334   0.0077    -0.08
0.455   0.0077     0.98
0.571   0.0082     2.00
0.681   0.0087     3.08
0.781   0.0096     4.06
0.883   0.0110     5.08
0.975   0.0132     6.09
1.060   0.0164     7.14
1.141   0.0197     8.15
1.219   0.0231     9.23
1.268   0.0292    10.21
Airfoil: S8036
Builder: T. Lampe
Comment: clean
8
100800
16
-0.374   0.0196    -5.51
-0.198   0.0204    -3.99
-0.130   0.0221    -3.06
0.010   0.0229    -1.24
0.030   0.0238    -1.03
0.143   0.0251     0.10
0.257   0.0244     1.02
0.407   0.0254     2.01
0.543   0.0238     3.20
0.598   0.0223     4.10
0.680   0.0213     5.12
0.788   0.0205     6.26
0.867   0.0203     7.16
0.953   0.0214     8.20
1.034   0.0231     9.24
1.099   0.0257    10.34
99700
2
1.135   0.0422    12.19
1.140   0.0390    12.28
200700
16
-0.202   0.0132    -3.95
-0.108   0.0137    -2.90
-0.014   0.0138    -1.84
0.085   0.0141    -0.72
0.149   0.0140     0.02
0.253   0.0143     1.05
0.384   0.0144     2.30
0.513   0.0143     3.24
0.712   0.0144     4.40
0.800   0.0147     5.45
0.860   0.0149     6.18
0.936   0.0154     7.19
1.007   0.0175     8.23
1.085   0.0205     9.38
1.161   0.0258    10.84
1.181   0.0300    11.40
301400
16
-0.222   0.0110    -3.96
-0.128   0.0109    -2.94
0.007   0.0109    -1.54
0.060   0.0110    -0.88
0.171   0.0114     0.14
0.316   0.0117     1.18
0.427   0.0118     2.22
0.539   0.0127     3.24
0.673   0.0120     4.27
0.780   0.0129     5.08
0.887   0.0125     6.32
0.956   0.0140     7.33
1.030   0.0164     8.36
1.104   0.0190     9.38
1.158   0.0215    10.28
1.205   0.0293    11.43
304500
2
-0.458   0.0152    -6.73
-0.414   0.0143    -6.17
305000
1
-0.312   0.0127    -4.99
402400
20
-0.501   0.0144    -7.02
-0.414   0.0130    -5.99
-0.334   0.0121    -5.13
-0.215   0.0101    -3.83
-0.129   0.0098    -2.91
-0.029   0.0098    -1.92
0.062   0.0098    -0.90
0.256   0.0101     0.53
0.285   0.0101     0.80
0.439   0.0106     2.20
0.546   0.0109     3.22
0.665   0.0122     4.25
0.771   0.0115     5.09
0.888   0.0117     6.33
0.944   0.0133     7.19
1.021   0.0154     8.21
1.119   0.0188     9.56
1.162   0.0213    10.34
1.200   0.0275    11.37
1.224   0.0433    12.37
502900
19
-0.459   0.0132    -6.29
-0.345   0.0117    -5.03
-0.247   0.0108    -3.97
-0.159   0.0092    -2.94
-0.056   0.0091    -1.91
0.045   0.0091    -0.92
0.171   0.0092     0.14
0.302   0.0094     1.28
0.415   0.0095     2.29
0.537   0.0099     3.42
0.606   0.0102     4.13
0.722   0.0109     5.21
0.859   0.0123     6.47
0.928   0.0127     7.44
0.992   0.0141     8.33
1.066   0.0158     9.32
1.128   0.0191    10.34
1.169   0.0246    11.35
1.197   0.0394    12.52
Airfoil: S8037
Builder: T. Lampe
Comment: clean
5
100500
17
-0.188   0.0220    -4.14
-0.108   0.0249    -2.90
-0.018   0.0261    -1.59
0.037   0.0269    -1.07
0.183   0.0280    -0.04
0.362   0.0282     1.00
0.480   0.0278     1.87
0.567   0.0263     3.27
0.614   0.0260     3.84
0.703   0.0278     4.86
0.811   0.0256     5.97
0.926   0.0236     7.30
0.998   0.0250     8.17
1.069   0.0269     9.03
1.159   0.0294    10.07
1.225   0.0321    11.22
1.258   0.0366    12.23
200800
17
-0.184   0.0147    -4.16
-0.105   0.0138    -3.11
-0.018   0.0140    -2.11
0.069   0.0146    -1.09
0.163   0.0150    -0.09
0.281   0.0155     0.98
0.419   0.0150     2.00
0.589   0.0152     3.07
0.686   0.0153     4.03
0.775   0.0152     5.09
0.868   0.0152     6.11
0.960   0.0155     7.16
1.043   0.0171     8.14
1.124   0.0190     9.17
1.194   0.0212    10.19
1.251   0.0243    11.20
1.289   0.0276    12.26
300900
17
-0.178   0.0133    -4.15
-0.101   0.0113    -3.11
-0.010   0.0113    -2.06
0.085   0.0114    -1.07
0.193   0.0112    -0.03
0.297   0.0114     1.00
0.409   0.0118     2.00
0.545   0.0121     3.00
0.692   0.0133     4.02
0.808   0.0123     5.09
0.891   0.0126     6.09
0.974   0.0132     7.12
1.053   0.0149     8.16
1.125   0.0167     9.18
1.199   0.0193    10.30
1.248   0.0213    11.17
1.280   0.0257    12.25
400800
17
-0.181   0.0124    -4.17
-0.095   0.0104    -3.03
-0.016   0.0101    -2.13
0.086   0.0099    -1.09
0.199   0.0099    -0.04
0.310   0.0097     1.00
0.425   0.0099     2.07
0.545   0.0107     3.09
0.684   0.0107     4.11
0.802   0.0109     5.07
0.893   0.0111     6.09
0.970   0.0121     7.11
1.047   0.0135     8.16
1.122   0.0160     9.25
1.191   0.0184    10.37
1.232   0.0212    11.28
1.253   0.0252    12.22
501900
17
-0.216   0.0120    -4.16
-0.134   0.0107    -3.15
-0.046   0.0090    -2.12
0.055   0.0090    -1.07
0.171   0.0090    -0.01
0.288   0.0088     1.05
0.404   0.0088     2.11
0.529   0.0090     3.27
0.655   0.0097     4.29
0.788   0.0110     5.28
0.902   0.0104     6.33
0.987   0.0117     7.49
1.042   0.0128     8.27
1.098   0.0143     9.15
1.165   0.0164    10.17
1.217   0.0189    11.18
1.246   0.0216    12.26
Airfoil: S8052
Builder: M. Fox
Comment: clean
7
100200
15
-0.317   0.0148    -3.99
-0.180   0.0165    -2.94
-0.088   0.0160    -1.93
0.002   0.0179    -0.91
0.152   0.0190     0.14
0.287   0.0190     1.17
0.355   0.0203     2.18
0.445   0.0188     3.21
0.547   0.0174     4.22
0.643   0.0165     5.25
0.748   0.0179     6.29
0.847   0.0194     7.35
0.939   0.0231     8.35
1.024   0.0271     9.41
1.088   0.0338    10.36
101000
2
-0.465   0.0235    -6.02
-0.414   0.0181    -5.00
202500
3
-0.477   0.0177    -6.06
-0.349   0.0141    -4.94
-0.266   0.0126    -4.03
200400
14
-0.172   0.0112    -2.99
-0.071   0.0115    -1.87
0.019   0.0114    -0.86
0.103   0.0122     0.12
0.190   0.0123     1.15
0.315   0.0108     2.16
0.436   0.0110     3.19
0.543   0.0111     4.22
0.678   0.0120     5.27
0.782   0.0139     6.29
0.880   0.0158     7.32
0.968   0.0189     8.34
1.046   0.0227     9.35
1.116   0.0272    10.36
301200
17
-0.479   0.0168    -6.04
-0.389   0.0142    -5.00
-0.290   0.0118    -3.95
-0.190   0.0100    -2.93
-0.090   0.0096    -1.93
0.014   0.0100    -0.88
0.102   0.0098     0.13
0.227   0.0095     1.30
0.340   0.0092     2.17
0.471   0.0088     3.20
0.581   0.0094     4.22
0.688   0.0107     5.26
0.791   0.0123     6.29
0.894   0.0139     7.30
0.992   0.0163     8.34
1.080   0.0198     9.41
1.153   0.0237    10.39
401800
17
-0.498   0.0154    -6.03
-0.401   0.0134    -5.00
-0.296   0.0111    -3.97
-0.193   0.0093    -2.96
-0.083   0.0084    -1.90
0.027   0.0084    -0.83
0.115   0.0083     0.11
0.262   0.0083     1.23
0.363   0.0078     2.17
0.482   0.0078     3.24
0.599   0.0089     4.26
0.706   0.0104     5.29
0.811   0.0118     6.30
0.915   0.0134     7.33
1.007   0.0154     8.33
1.092   0.0182     9.36
1.168   0.0219    10.37
502300
18
-0.536   0.0148    -6.03
-0.438   0.0129    -5.01
-0.334   0.0111    -3.99
-0.221   0.0095    -2.91
-0.118   0.0079    -1.88
-0.002   0.0076    -0.81
0.113   0.0075     0.24
0.240   0.0075     1.37
0.365   0.0074     2.49
0.470   0.0074     3.49
0.566   0.0080     4.38
0.652   0.0094     5.22
0.761   0.0106     6.26
0.867   0.0120     7.31
0.982   0.0141     8.42
1.058   0.0160     9.33
1.143   0.0189    10.35
1.213   0.0228    11.38
Airfoil: SA7035
Builder: M. Allen
Comment: clean
5
59893
19
-0.363   0.0499    -6.53
-0.277   0.0325    -5.33
-0.203   0.0240    -4.27
-0.139   0.0200    -3.35
-0.086   0.0165    -2.52
-0.009   0.0180    -1.42
0.063   0.0155    -0.46
0.196   0.0185     0.82
0.335   0.0196     1.69
0.475   0.0266     2.77
0.563   0.0302     3.67
0.658   0.0293     4.68
0.743   0.0272     5.69
0.836   0.0280     6.80
0.913   0.0315     7.74
0.995   0.0331     8.85
1.050   0.0305     9.75
1.103   0.0352    10.80
1.128   0.0801    11.84
99882
18
-0.383   0.0591    -6.50
-0.306   0.0369    -5.63
-0.208   0.0232    -4.38
-0.129   0.0178    -3.34
-0.054   0.0138    -2.32
0.015   0.0129    -1.37
0.151   0.0148    -0.26
0.313   0.0170     0.70
0.462   0.0174     1.86
0.547   0.0169     2.84
0.624   0.0170     3.82
0.707   0.0170     4.71
0.799   0.0181     5.76
0.887   0.0204     6.77
0.999   0.0237     7.97
1.074   0.0276     8.97
1.121   0.0325     9.90
1.151   0.0422    10.99
150142
17
-0.280   0.0263    -5.11
-0.230   0.0214    -4.43
-0.136   0.0167    -3.40
-0.022   0.0125    -2.34
0.073   0.0122    -1.43
0.261   0.0120    -0.22
0.374   0.0118     0.96
0.443   0.0119     1.70
0.566   0.0120     2.88
0.655   0.0130     3.81
0.761   0.0142     4.96
0.836   0.0159     5.77
0.942   0.0178     6.93
1.026   0.0200     7.86
1.098   0.0232     8.88
1.148   0.0290     9.86
1.172   0.0373    10.86
199609
17
-0.307   0.0255    -5.30
-0.234   0.0180    -4.35
-0.121   0.0138    -3.28
0.027   0.0109    -2.23
0.159   0.0091    -1.26
0.283   0.0093    -0.16
0.379   0.0093     0.93
0.473   0.0099     1.90
0.542   0.0104     2.64
0.671   0.0116     3.88
0.766   0.0127     4.84
0.880   0.0144     5.97
0.960   0.0158     6.85
1.056   0.0186     7.97
1.126   0.0222     8.98
1.168   0.0270     9.80
1.192   0.0351    10.82
299447
18
-0.383   0.0435    -5.95
-0.278   0.0196    -4.93
-0.141   0.0142    -3.90
-0.012   0.0107    -2.94
0.104   0.0085    -1.91
0.204   0.0073    -0.72
0.271   0.0072    -0.12
0.429   0.0076     1.35
0.563   0.0086     2.61
0.645   0.0095     3.38
0.758   0.0107     4.46
0.859   0.0119     5.43
0.966   0.0135     6.48
1.035   0.0149     7.23
1.141   0.0180     8.47
1.217   0.0233     9.62
1.248   0.0283    10.41
1.251   0.0371    11.35
Airfoil: SA7036A
Builder: D. Thompson
Comment: clean
4
100036
18
-0.347   0.0455    -5.93
-0.270   0.0288    -4.87
-0.211   0.0219    -4.08
-0.087   0.0157    -2.76
0.013   0.0137    -1.73
0.171   0.0144    -0.66
0.281   0.0165     0.05
0.460   0.0171     1.24
0.561   0.0163     2.32
0.641   0.0166     3.33
0.711   0.0162     4.19
0.819   0.0174     5.47
0.898   0.0188     6.32
1.020   0.0214     7.47
1.109   0.0241     8.44
1.163   0.0301     9.52
1.189   0.0384    10.42
1.202   0.0474    11.47
149976
18
-0.339   0.0444    -5.84
-0.264   0.0275    -5.04
-0.131   0.0161    -3.73
-0.046   0.0128    -3.01
0.128   0.0120    -1.66
0.260   0.0106    -0.64
0.344   0.0109     0.13
0.470   0.0114     1.39
0.573   0.0116     2.40
0.649   0.0122     3.19
0.774   0.0131     4.43
0.868   0.0146     5.38
0.971   0.0165     6.47
1.063   0.0185     7.51
1.144   0.0219     8.51
1.192   0.0276     9.39
1.218   0.0365    10.52
1.220   0.0487    11.51
200059
18
-0.344   0.0382    -5.77
-0.238   0.0206    -4.69
-0.162   0.0167    -4.04
-0.029   0.0131    -3.13
0.176   0.0100    -1.46
0.273   0.0098    -0.50
0.364   0.0095     0.45
0.480   0.0098     1.59
0.577   0.0102     2.53
0.634   0.0105     3.10
0.734   0.0117     4.14
0.834   0.0132     5.17
0.983   0.0156     6.71
1.039   0.0172     7.30
1.126   0.0220     8.52
1.171   0.0285     9.43
1.194   0.0368    10.44
1.194   0.0527    11.40
299385
18
-0.363   0.0465    -6.00
-0.223   0.0195    -4.98
-0.081   0.0118    -3.92
0.037   0.0097    -2.94
0.150   0.0084    -1.83
0.238   0.0077    -0.83
0.325   0.0073     0.00
0.453   0.0076     1.18
0.574   0.0085     2.35
0.686   0.0096     3.41
0.823   0.0112     4.76
0.898   0.0121     5.49
0.998   0.0140     6.53
1.077   0.0158     7.41
1.155   0.0208     8.53
1.201   0.0271     9.48
1.222   0.0346    10.36
1.224   0.0505    11.34
Airfoil: SA7036B
Builder: T. Foster
Comment: clean
4
99750
18
-0.355   0.0605    -5.92
-0.234   0.0315    -4.72
-0.142   0.0223    -3.76
-0.014   0.0166    -2.52
0.065   0.0160    -1.67
0.221   0.0151    -0.51
0.369   0.0158     0.40
0.515   0.0173     1.40
0.613   0.0163     2.46
0.686   0.0161     3.39
0.777   0.0169     4.45
0.864   0.0182     5.40
0.965   0.0203     6.52
1.052   0.0230     7.55
1.113   0.0272     8.46
1.183   0.0333     9.58
1.236   0.0389    10.56
1.272   0.0455    11.55
150030
17
-0.223   0.0269    -4.73
-0.108   0.0201    -3.74
0.041   0.0152    -2.58
0.194   0.0132    -1.48
0.316   0.0112    -0.53
0.433   0.0120     0.56
0.517   0.0119     1.38
0.610   0.0113     2.33
0.723   0.0129     3.47
0.815   0.0145     4.41
0.940   0.0165     5.70
1.017   0.0183     6.56
1.092   0.0212     7.54
1.165   0.0252     8.65
1.224   0.0298     9.59
1.274   0.0356    10.62
1.307   0.0436    11.56
199817
17
-0.245   0.0275    -5.10
-0.012   0.0164    -3.38
0.100   0.0143    -2.59
0.234   0.0108    -1.44
0.332   0.0100    -0.43
0.384   0.0097     0.06
0.539   0.0097     1.57
0.639   0.0104     2.53
0.701   0.0113     3.15
0.843   0.0130     4.61
0.943   0.0145     5.61
1.037   0.0166     6.63
1.111   0.0191     7.55
1.196   0.0240     8.78
1.258   0.0275     9.76
1.298   0.0315    10.55
1.334   0.0389    11.64
299784
18
-0.191   0.0234    -5.26
-0.056   0.0155    -4.24
0.045   0.0127    -3.40
0.160   0.0114    -2.32
0.254   0.0094    -1.34
0.355   0.0078    -0.31
0.466   0.0075     0.77
0.574   0.0082     1.78
0.685   0.0095     2.86
0.796   0.0108     3.92
0.873   0.0118     4.66
1.011   0.0140     6.08
1.102   0.0159     7.08
1.197   0.0197     8.30
1.251   0.0219     9.07
1.322   0.0260    10.18
1.362   0.0304    11.09
1.380   0.0336    12.10
Airfoil: SA7038
Builder: T. Foster
Comment: clean
5
99713
18
-0.336   0.0639    -5.71
-0.220   0.0346    -4.66
-0.117   0.0242    -3.57
0.017   0.0180    -2.49
0.127   0.0143    -1.43
0.263   0.0153    -0.44
0.397   0.0154     0.45
0.531   0.0157     1.57
0.637   0.0152     2.68
0.730   0.0161     3.71
0.793   0.0166     4.52
0.892   0.0178     5.60
0.990   0.0219     6.70
1.071   0.0236     7.64
1.148   0.0259     8.77
1.216   0.0291     9.80
1.251   0.0323    10.74
1.261   0.0438    11.76
149636
17
-0.174   0.0291    -4.60
-0.044   0.0190    -3.59
0.120   0.0143    -2.44
0.253   0.0120    -1.36
0.345   0.0107    -0.31
0.418   0.0117     0.53
0.532   0.0112     1.64
0.635   0.0118     2.58
0.749   0.0133     3.66
0.838   0.0145     4.64
0.945   0.0163     5.73
1.034   0.0185     6.70
1.114   0.0204     7.61
1.204   0.0227     8.70
1.270   0.0250     9.68
1.297   0.0311    10.81
1.298   0.0407    11.64
199566
17
-0.092   0.0201    -4.49
0.057   0.0145    -3.33
0.149   0.0121    -2.51
0.210   0.0108    -1.89
0.297   0.0092    -0.79
0.451   0.0094     0.73
0.556   0.0098     1.71
0.669   0.0109     2.77
0.760   0.0120     3.63
0.874   0.0135     4.75
0.973   0.0151     5.75
1.070   0.0169     6.74
1.151   0.0188     7.69
1.229   0.0211     8.75
1.286   0.0243     9.79
1.308   0.0299    10.68
1.300   0.0468    11.73
200114
1
-0.276   0.0482    -5.66
299315
18
-0.248   0.0474    -5.86
-0.089   0.0185    -4.76
0.023   0.0128    -3.73
0.124   0.0107    -2.69
0.225   0.0088    -1.68
0.331   0.0076    -0.61
0.442   0.0077     0.48
0.594   0.0089     1.92
0.661   0.0097     2.57
0.776   0.0109     3.68
0.888   0.0120     4.75
0.996   0.0133     5.80
1.085   0.0148     6.72
1.180   0.0168     7.77
1.261   0.0191     8.84
1.314   0.0230     9.76
1.342   0.0287    10.66
1.347   0.0419    11.61
Airfoil: SD7032T
Builder: S. Watson
Comment: Zigzag trip Type C (h = 0.023") @ 2% u.s. & 5% l.s.
3
99943
12
-0.144   0.0317    -4.48
0.062   0.0196    -2.87
0.316   0.0186    -1.05
0.440   0.0154     0.26
0.556   0.0144     1.69
0.690   0.0172     3.23
0.826   0.0211     4.86
0.947   0.0239     6.27
1.062   0.0295     7.85
1.161   0.0357     9.51
1.223   0.0429    10.93
1.257   0.0509    12.34
199502
12
-0.256   0.0508    -5.94
-0.030   0.0163    -4.39
0.139   0.0128    -2.93
0.301   0.0129    -1.16
0.442   0.0145     0.24
0.601   0.0174     2.06
0.675   0.0186     2.86
0.890   0.0217     5.14
0.994   0.0241     6.43
1.100   0.0285     7.93
1.167   0.0334     9.11
1.229   0.0460    11.08
299568
12
-0.239   0.0524    -6.22
-0.034   0.0127    -4.57
0.114   0.0127    -2.96
0.273   0.0127    -1.46
0.430   0.0142     0.11
0.574   0.0160     1.60
0.727   0.0181     3.12
0.900   0.0210     4.96
1.015   0.0237     6.32
1.151   0.0286     8.20
1.220   0.0344     9.65
1.252   0.0425    10.62
Airfoil: SD7037BT
Builder: D. Thompson
Comment: Zigzag trip Type C (h = 0.023") @ 2% u.s. & 5% l.s.
3
99934
12
-0.332   0.0424    -4.61
-0.191   0.0225    -3.01
-0.017   0.0182    -1.36
0.187   0.0175     0.09
0.385   0.0160     1.65
0.521   0.0133     3.10
0.641   0.0153     4.63
0.777   0.0201     6.23
0.886   0.0251     7.71
1.000   0.0306     9.21
1.100   0.0390    10.76
1.193   0.0504    12.42
201522
12
-0.263   0.0231    -4.56
-0.066   0.0136    -2.82
0.113   0.0135    -1.36
0.246   0.0118    -0.04
0.411   0.0146     1.78
0.559   0.0168     3.29
0.705   0.0190     4.79
0.873   0.0215     6.22
1.021   0.0247     7.84
1.133   0.0300     9.31
1.210   0.0368    10.75
1.255   0.0539    12.24
299298
12
-0.244   0.0173    -4.49
-0.076   0.0131    -3.02
0.077   0.0125    -1.50
0.231   0.0139    -0.09
0.484   0.0153     1.78
0.667   0.0173     3.39
0.801   0.0193     4.70
0.963   0.0224     6.35
1.080   0.0254     7.70
1.195   0.0307     9.35
1.268   0.0421    10.93
1.289   0.0725    12.41
Airfoil: SD7037D
Builder: H. Stokely / B. Williams
Comment: clean
4
59200
16
-0.258   0.0409    -5.06
-0.182   0.0271    -4.02
-0.099   0.0208    -2.94
-0.023   0.0162    -1.97
0.074   0.0200    -0.95
0.181   0.0173     0.13
0.334   0.0262     1.15
0.490   0.0307     2.19
0.610   0.0279     3.18
0.703   0.0279     4.26
0.789   0.0301     5.29
0.883   0.0355     6.31
0.961   0.0374     7.26
1.036   0.0370     8.28
1.112   0.0397     9.33
1.167   0.0464    10.31
98500
16
-0.326   0.0316    -5.07
-0.237   0.0222    -3.99
-0.132   0.0181    -2.94
-0.022   0.0153    -2.00
0.117   0.0147    -0.97
0.280   0.0158     0.04
0.419   0.0165     1.10
0.530   0.0166     2.29
0.618   0.0164     3.27
0.693   0.0160     4.15
0.799   0.0173     5.33
0.875   0.0188     6.21
0.974   0.0211     7.32
1.054   0.0237     8.19
1.138   0.0286     9.39
1.188   0.0339    10.40
196600
16
-0.247   0.0209    -4.72
-0.174   0.0180    -4.07
-0.007   0.0132    -2.96
0.130   0.0101    -1.64
0.189   0.0095    -0.99
0.299   0.0096     0.21
0.400   0.0094     1.11
0.529   0.0092     2.22
0.661   0.0103     3.32
0.744   0.0114     4.14
0.853   0.0130     5.29
0.949   0.0147     6.33
1.031   0.0167     7.24
1.113   0.0188     8.18
1.194   0.0223     9.31
1.246   0.0275    10.32
295100
16
-0.251   0.0207    -5.09
-0.113   0.0143    -3.95
-0.008   0.0118    -3.00
0.087   0.0096    -1.92
0.198   0.0080    -0.90
0.323   0.0071     0.17
0.443   0.0074     1.23
0.564   0.0079     2.33
0.668   0.0090     3.30
0.789   0.0104     4.46
0.895   0.0118     5.48
1.010   0.0134     6.63
1.062   0.0145     7.21
1.148   0.0169     8.25
1.238   0.0210     9.45
1.281   0.0261    10.30
Airfoil: SD7062B
Builder: Widiner / M. Allen
Comment: clean
7
59900
11
-0.113   0.0312    -3.82
0.040   0.0295    -2.21
0.184   0.0306    -0.79
0.337   0.0333     0.87
0.463   0.0465     2.43
0.528   0.0578     3.90
0.585   0.0728     5.49
0.627   0.0958     6.88
0.668   0.1240     8.51
0.702   0.1430     9.89
0.753   0.1614    11.47
99400
16
0.117   0.0231    -3.23
0.227   0.0231    -2.20
0.321   0.0235    -1.21
0.412   0.0220    -0.16
0.527   0.0244     0.86
0.642   0.0242     1.90
0.751   0.0246     2.96
0.848   0.0242     3.94
0.935   0.0249     4.96
1.022   0.0257     5.98
1.109   0.0260     7.00
1.205   0.0279     8.12
1.283   0.0309     9.04
1.365   0.0360    10.07
1.442   0.0416    11.14
1.489   0.0451    12.11
101500
2
-0.141   0.0300    -5.32
0.003   0.0260    -4.24
199800
12
-0.079   0.0187    -5.33
0.078   0.0150    -3.74
0.261   0.0128    -2.11
0.392   0.0129    -0.67
0.551   0.0125     0.86
0.723   0.0132     2.41
0.863   0.0147     4.00
1.018   0.0163     5.51
1.164   0.0183     7.02
1.307   0.0206     8.55
1.430   0.0237    10.12
1.524   0.0285    11.60
198400
2
1.600   0.0363    13.15
1.633   0.0500    14.60
299500
14
-0.107   0.0160    -5.35
0.058   0.0129    -3.73
0.236   0.0105    -2.11
0.380   0.0103    -0.66
0.582   0.0105     1.02
0.750   0.0111     2.57
0.927   0.0123     4.17
1.085   0.0140     5.72
1.230   0.0156     7.21
1.362   0.0175     8.67
1.480   0.0208    10.21
1.569   0.0258    11.69
1.628   0.0351    13.23
1.652   0.0540    14.67
399900
14
-0.128   0.0151    -5.53
0.053   0.0118    -3.74
0.197   0.0099    -2.24
0.397   0.0091    -0.70
0.575   0.0098     0.86
0.740   0.0103     2.40
0.911   0.0109     3.96
1.074   0.0122     5.54
1.222   0.0138     7.05
1.372   0.0162     8.72
1.487   0.0196    10.23
1.577   0.0251    11.84
1.618   0.0332    13.09
1.639   0.0390    14.53
Airfoil: SD7062BT
Builder: Widiner / M. Allen
Comment: Zig-Zag trip type "C" @ u.s. x/c=2% & l.s. x/c=5% (h = 0.023")
4
100300
11
-0.213   0.0361    -5.41
0.030   0.0261    -3.65
0.196   0.0250    -2.15
0.343   0.0252    -0.59
0.476   0.0223     0.90
0.614   0.0209     2.46
0.776   0.0204     3.95
0.928   0.0204     5.58
1.049   0.0227     7.06
1.146   0.0279     8.59
1.214   0.0344    10.04
200400
12
-0.100   0.0187    -5.36
0.039   0.0157    -3.79
0.204   0.0163    -2.15
0.367   0.0162    -0.63
0.531   0.0152     0.92
0.685   0.0160     2.47
0.817   0.0181     3.92
0.941   0.0207     5.48
1.044   0.0237     6.97
1.140   0.0292     8.49
1.191   0.0478    10.02
1.202   0.0877    11.55
300300
11
-0.116   0.0151    -5.27
0.030   0.0139    -3.77
0.194   0.0137    -2.21
0.351   0.0135    -0.70
0.530   0.0141     0.89
0.678   0.0158     2.34
0.834   0.0184     4.05
0.956   0.0208     5.48
1.078   0.0247     7.10
1.149   0.0298     8.53
1.185   0.0516    10.00
401200
11
-0.137   0.0137    -5.40
0.028   0.0125    -3.75
0.199   0.0126    -2.13
0.364   0.0130    -0.69
0.526   0.0142     0.85
0.678   0.0160     2.39
0.826   0.0179     3.95
0.957   0.0202     5.48
1.071   0.0239     7.05
1.140   0.0295     8.49
1.175   0.0384    10.16
Airfoil: SD7080
Builder: P. Illick
Comment: clean
4
99943
18
-0.413   0.0437    -6.02
-0.346   0.0292    -4.93
-0.269   0.0246    -3.91
-0.176   0.0191    -2.97
-0.053   0.0143    -1.95
0.124   0.0138    -0.76
0.245   0.0149     0.18
0.355   0.0150     1.22
0.446   0.0156     2.28
0.526   0.0151     3.25
0.633   0.0151     4.21
0.734   0.0170     5.26
0.827   0.0193     6.32
0.905   0.0224     7.29
0.986   0.0242     8.32
1.024   0.0292     9.34
1.052   0.0372    10.32
1.076   0.0441    11.24
149842
18
-0.410   0.0433    -6.01
-0.284   0.0255    -4.81
-0.189   0.0201    -3.90
-0.061   0.0160    -2.86
0.041   0.0125    -1.81
0.172   0.0114    -0.71
0.273   0.0113     0.40
0.346   0.0118     1.21
0.457   0.0125     2.24
0.567   0.0116     3.25
0.660   0.0121     4.21
0.755   0.0151     5.31
0.836   0.0170     6.22
0.928   0.0194     7.26
1.005   0.0228     8.34
1.036   0.0295     9.29
1.069   0.0376    10.42
1.083   0.0463    11.22
199879
18
-0.379   0.0376    -5.94
-0.306   0.0277    -5.34
-0.139   0.0175    -3.84
-0.028   0.0150    -2.75
0.056   0.0113    -1.71
0.152   0.0099    -0.75
0.259   0.0094     0.24
0.379   0.0098     1.41
0.474   0.0096     2.27
0.573   0.0102     3.24
0.688   0.0120     4.40
0.753   0.0132     5.09
0.866   0.0153     6.31
0.953   0.0173     7.25
1.013   0.0224     8.28
1.056   0.0285     9.34
1.085   0.0352    10.23
1.101   0.0456    11.26
299767
18
-0.390   0.0412    -6.19
-0.265   0.0226    -5.06
-0.169   0.0168    -4.10
-0.071   0.0132    -3.04
0.025   0.0101    -1.96
0.135   0.0083    -0.77
0.266   0.0075     0.21
0.376   0.0076     1.26
0.470   0.0082     2.16
0.538   0.0087     2.86
0.689   0.0106     4.35
0.774   0.0119     5.19
0.870   0.0135     6.17
0.970   0.0156     7.29
1.030   0.0217     8.34
1.078   0.0265     9.35
1.110   0.0325    10.23
1.128   0.0432    11.26
Airfoil: SG6040
Builder: M. Allen
Comment: clean
9
99872
17
-0.202   0.0264    -3.97
-0.169   0.0302    -3.01
-0.082   0.0331    -1.87
0.025   0.0336    -0.85
0.152   0.0331     0.25
0.183   0.0379     1.08
0.292   0.0427     2.31
0.369   0.0471     3.30
0.456   0.0549     4.23
0.657   0.0451     5.20
0.883   0.0298     6.37
0.987   0.0261     7.25
1.085   0.0247     8.30
1.163   0.0253     9.38
1.235   0.0274    10.36
1.248   0.0323    11.43
1.266   0.0408    12.40
100031
2
-0.478   0.0257    -6.06
-0.343   0.0219    -4.87
149969
18
-0.227   0.0190    -4.83
-0.115   0.0203    -3.98
0.066   0.0207    -2.38
0.130   0.0209    -1.77
0.210   0.0206    -0.95
0.325   0.0202     0.37
0.398   0.0201     1.27
0.506   0.0201     2.39
0.609   0.0200     3.43
0.711   0.0202     4.43
0.829   0.0199     5.57
0.984   0.0199     6.87
1.024   0.0201     7.25
1.142   0.0203     8.55
1.214   0.0213     9.39
1.270   0.0254    10.59
1.266   0.0297    11.24
1.285   0.0399    12.51
149553
2
-0.503   0.0270    -6.93
-0.392   0.0227    -6.10
199979
19
-0.395   0.0207    -6.81
-0.254   0.0170    -5.70
-0.192   0.0149    -5.14
-0.037   0.0150    -3.54
0.040   0.0152    -2.76
0.154   0.0157    -1.61
0.246   0.0157    -0.69
0.374   0.0156     0.53
0.447   0.0155     1.18
0.563   0.0158     2.30
0.664   0.0159     3.34
0.758   0.0165     4.34
0.851   0.0165     5.32
0.961   0.0164     6.48
1.070   0.0168     7.40
1.173   0.0177     8.49
1.246   0.0194     9.51
1.278   0.0235    10.37
1.284   0.0325    11.42
199113
2
1.294   0.0407    12.35
1.311   0.0514    13.41
299663
23
-0.482   0.0201    -8.07
-0.362   0.0164    -7.06
-0.274   0.0144    -6.04
-0.175   0.0119    -4.93
-0.085   0.0105    -3.99
0.022   0.0111    -2.96
0.133   0.0115    -1.93
0.283   0.0117    -0.54
0.369   0.0119     0.27
0.489   0.0120     1.31
0.587   0.0125     2.26
0.716   0.0131     3.45
0.779   0.0134     4.05
0.878   0.0137     5.02
1.037   0.0141     6.65
1.114   0.0142     7.50
1.210   0.0160     8.63
1.262   0.0189     9.60
1.287   0.0240    10.53
1.298   0.0303    11.39
1.311   0.0396    12.34
1.330   0.0519    13.47
1.347   0.0621    14.49
399758
22
-0.458   0.0168    -8.07
-0.371   0.0145    -7.09
-0.277   0.0127    -5.95
-0.184   0.0112    -5.00
-0.088   0.0093    -3.99
0.019   0.0093    -2.97
0.137   0.0097    -1.90
0.249   0.0099    -0.89
0.373   0.0102     0.23
0.476   0.0104     1.14
0.599   0.0108     2.29
0.713   0.0115     3.35
0.813   0.0119     4.26
0.918   0.0123     5.26
1.034   0.0130     6.43
1.127   0.0135     7.51
1.199   0.0152     8.54
1.250   0.0192     9.64
1.280   0.0243    10.62
1.301   0.0309    11.55
1.320   0.0396    12.46
1.341   0.0487    13.43
498293
19
-0.282   0.0119    -5.92
-0.184   0.0106    -4.96
-0.089   0.0090    -4.04
0.029   0.0083    -2.97
0.151   0.0087    -1.94
0.271   0.0089    -0.90
0.385   0.0091     0.11
0.504   0.0094     1.13
0.624   0.0099     2.19
0.737   0.0104     3.21
0.850   0.0110     4.25
0.956   0.0116     5.25
1.066   0.0124     6.34
1.134   0.0131     7.12
1.224   0.0154     8.53
1.257   0.0181     9.23
1.292   0.0232    10.30
1.313   0.0299    11.33
1.339   0.0442    12.73
Airfoil: SG6040T
Builder: M. Allen
Comment: Zigzag trip Type C (h = 0.023") @ 2% u.s. & 5% l.s.
4
137122
12
-0.124   0.0230    -4.27
0.054   0.0214    -2.55
0.174   0.0205    -1.45
0.341   0.0161     0.30
0.500   0.0166     2.01
0.598   0.0192     3.37
0.696   0.0210     4.99
0.792   0.0244     6.36
0.883   0.0302     7.87
0.950   0.0382     9.29
0.992   0.0511    10.98
0.956   0.0116     5.25
149726
1
-0.353   0.0247    -5.90
299854
12
-0.267   0.0169    -5.96
-0.119   0.0155    -4.40
0.028   0.0137    -2.90
0.184   0.0145    -1.21
0.342   0.0151     0.35
0.490   0.0172     2.01
0.636   0.0195     3.65
0.719   0.0211     4.62
0.839   0.0242     6.14
0.927   0.0288     7.63
1.000   0.0432     9.64
1.032   0.0581    10.93
500268
11
-0.293   0.0145    -5.95
-0.143   0.0138    -4.47
0.012   0.0138    -2.90
0.186   0.0144    -1.30
0.333   0.0153     0.16
0.494   0.0163     1.71
0.643   0.0182     3.30
0.763   0.0208     4.74
0.885   0.0250     6.44
0.974   0.0315     8.14
1.037   0.0413     9.91
Airfoil: SG6041
Builder: M. Allen
Comment: clean
6
99837
19
-0.498   0.0793    -7.41
-0.443   0.0522    -6.51
-0.339   0.0301    -5.13
-0.281   0.0253    -4.47
-0.187   0.0206    -3.45
-0.094   0.0152    -2.37
-0.013   0.0142    -1.39
0.096   0.0168    -0.29
0.225   0.0194     0.68
0.394   0.0199     1.74
0.537   0.0196     2.68
0.647   0.0173     3.56
0.782   0.0161     4.94
0.860   0.0167     5.84
0.943   0.0225     7.03
0.991   0.0267     7.85
1.069   0.0340     9.15
1.106   0.0396     9.86
1.141   0.0474    10.89
149940
18
-0.429   0.0488    -6.36
-0.350   0.0290    -5.20
-0.274   0.0219    -4.26
-0.158   0.0177    -3.10
-0.053   0.0134    -2.18
0.071   0.0151    -0.82
0.200   0.0138    -0.11
0.380   0.0132     1.03
0.477   0.0122     1.96
0.526   0.0119     2.72
0.673   0.0117     4.09
0.769   0.0135     4.95
0.876   0.0172     6.18
0.922   0.0194     6.84
0.989   0.0237     7.82
1.075   0.0296     9.12
1.125   0.0360    10.06
1.165   0.0456    11.09
199832
17
-0.359   0.0267    -5.31
-0.269   0.0201    -4.36
-0.151   0.0168    -3.27
-0.021   0.0127    -2.28
0.102   0.0130    -1.28
0.251   0.0123    -0.11
0.374   0.0114     0.82
0.471   0.0105     1.83
0.581   0.0107     2.83
0.699   0.0109     3.95
0.781   0.0126     4.87
0.871   0.0152     5.95
0.942   0.0181     6.83
1.020   0.0219     7.86
1.091   0.0257     8.84
1.155   0.0311     9.96
1.199   0.0397    11.14
299731
18
-0.393   0.0346    -5.91
-0.291   0.0208    -4.98
-0.158   0.0157    -3.94
0.000   0.0122    -2.82
0.113   0.0088    -1.91
0.215   0.0080    -0.83
0.308   0.0078     0.25
0.413   0.0080     1.07
0.574   0.0087     2.56
0.650   0.0090     3.28
0.745   0.0104     4.27
0.834   0.0125     5.26
0.930   0.0147     6.33
1.020   0.0178     7.41
1.102   0.0210     8.47
1.167   0.0245     9.37
1.223   0.0286    10.39
1.264   0.0353    11.38
399121
19
-0.423   0.0499    -6.54
-0.291   0.0216    -5.44
-0.175   0.0140    -4.47
-0.047   0.0114    -3.44
0.069   0.0091    -2.40
0.162   0.0070    -1.40
0.266   0.0068    -0.38
0.371   0.0069     0.71
0.477   0.0069     1.67
0.600   0.0075     2.72
0.702   0.0090     3.79
0.799   0.0110     4.83
0.935   0.0137     6.15
0.994   0.0153     6.94
1.073   0.0175     7.89
1.165   0.0208     9.05
1.221   0.0236     9.90
1.276   0.0283    10.97
1.309   0.0352    11.95
498408
19
-0.383   0.0447    -6.48
-0.259   0.0167    -5.41
-0.150   0.0122    -4.45
-0.045   0.0103    -3.40
0.064   0.0086    -2.40
0.171   0.0067    -1.34
0.279   0.0062    -0.33
0.393   0.0065     0.79
0.493   0.0066     1.77
0.608   0.0072     2.72
0.715   0.0089     3.83
0.813   0.0109     4.85
0.925   0.0128     6.00
1.044   0.0155     7.24
1.133   0.0179     8.35
1.208   0.0207     9.35
1.259   0.0233    10.16
1.305   0.0275    11.09
1.338   0.0352    12.12
Airfoil: SG6041T
Builder: M. Allen
Comment: Zigzag trip Type C (h = 0.023") @ 2% u.s. & 5% l.s.
3
144195
13
-0.401   0.0363    -5.68
-0.297   0.0231    -4.36
-0.151   0.0173    -2.86
0.102   0.0170    -1.24
0.289   0.0139     0.29
0.413   0.0169     1.88
0.529   0.0177     3.28
0.675   0.0205     5.00
0.802   0.0241     6.38
0.917   0.0287     7.87
1.008   0.0366     9.53
1.071   0.0449    10.92
0.925   0.0128     6.00
299200
13
-0.408   0.0346    -5.85
-0.217   0.0167    -4.30
-0.018   0.0120    -2.84
0.131   0.0135    -1.21
0.296   0.0148     0.44
0.456   0.0162     1.94
0.598   0.0180     3.39
0.736   0.0206     4.89
0.867   0.0236     6.39
0.987   0.0282     8.08
1.064   0.0340     9.41
1.121   0.0439    10.90
1.138   0.0674    12.35
498804
13
-0.333   0.0205    -5.87
-0.175   0.0148    -4.31
-0.017   0.0128    -2.72
0.127   0.0132    -1.46
0.306   0.0138     0.22
0.465   0.0150     1.71
0.628   0.0169     3.34
0.769   0.0195     4.86
0.923   0.0236     6.60
1.025   0.0277     8.03
1.103   0.0333     9.59
1.143   0.0372    10.87
1.184   0.0383    12.54
Airfoil: SG6042
Builder: M. Allen
Comment: clean
8
99856
14
-0.351   0.0615    -5.13
-0.123   0.0309    -3.78
-0.027   0.0258    -3.02
0.108   0.0208    -1.97
0.203   0.0193    -0.94
0.311   0.0230     0.08
0.397   0.0263     1.06
0.488   0.0281     2.09
0.643   0.0277     3.14
0.811   0.0234     4.32
0.900   0.0195     5.23
0.995   0.0184     6.20
1.095   0.0197     7.28
1.160   0.0245     8.25
99645
5
1.246   0.0286     9.29
1.278   0.0373    10.36
1.325   0.0436    11.39
1.347   0.0529    12.42
1.347   0.0646    13.35
150036
18
-0.214   0.0495    -4.86
-0.072   0.0273    -3.77
0.053   0.0228    -2.78
0.165   0.0189    -1.73
0.269   0.0168    -0.65
0.403   0.0166     0.57
0.492   0.0165     1.40
0.596   0.0164     2.41
0.691   0.0148     3.39
0.800   0.0143     4.53
0.890   0.0149     5.43
0.984   0.0166     6.47
1.048   0.0192     7.45
1.106   0.0242     8.53
1.166   0.0296     9.53
1.211   0.0338    10.31
1.262   0.0422    11.45
1.287   0.0526    12.57
199860
18
-0.156   0.0363    -4.82
-0.031   0.0230    -3.98
0.121   0.0182    -2.89
0.244   0.0160    -1.86
0.349   0.0148    -0.93
0.487   0.0137     0.32
0.593   0.0131     1.25
0.700   0.0128     2.24
0.809   0.0125     3.29
0.911   0.0124     4.31
1.011   0.0130     5.39
1.066   0.0138     6.07
1.160   0.0173     7.30
1.228   0.0215     8.37
1.278   0.0254     9.28
1.335   0.0312    10.45
1.369   0.0369    11.35
1.393   0.0477    12.49
299571
18
-0.076   0.0291    -5.09
0.065   0.0169    -4.01
0.168   0.0140    -3.02
0.292   0.0115    -1.94
0.398   0.0098    -0.90
0.485   0.0089     0.09
0.602   0.0091     1.11
0.704   0.0093     2.11
0.816   0.0095     3.16
0.921   0.0102     4.22
1.034   0.0116     5.42
1.110   0.0135     6.37
1.192   0.0166     7.44
1.257   0.0194     8.41
1.341   0.0244     9.85
1.365   0.0259    10.32
1.415   0.0325    11.50
1.436   0.0390    12.32
399200
18
-0.048   0.0270    -5.32
0.060   0.0144    -4.15
0.189   0.0111    -2.92
0.292   0.0101    -1.97
0.401   0.0084    -0.95
0.499   0.0076     0.07
0.606   0.0074     1.06
0.717   0.0079     2.12
0.829   0.0084     3.16
0.929   0.0092     4.17
1.023   0.0109     5.21
1.109   0.0128     6.25
1.192   0.0152     7.29
1.274   0.0183     8.42
1.335   0.0210     9.38
1.396   0.0253    10.49
1.449   0.0335    11.93
1.463   0.0396    12.61
498399
3
-0.006   0.0147    -4.96
0.078   0.0123    -3.98
0.155   0.0107    -3.24
498548
15
0.310   0.0086    -1.84
0.414   0.0074    -0.90
0.515   0.0068     0.10
0.633   0.0066     1.24
0.733   0.0071     2.15
0.837   0.0079     3.17
0.938   0.0091     4.20
1.030   0.0108     5.21
1.117   0.0128     6.25
1.202   0.0150     7.30
1.279   0.0173     8.31
1.349   0.0202     9.36
1.412   0.0245    10.52
1.456   0.0305    11.66
1.486   0.0421    12.85
Airfoil: SG6042T
Builder: M. Allen
Comment: Zigzag trip Type C (h = 0.023") @ 2% u.s. & 5% l.s. (Cm @ 500,000 is incorrect)
5
149755
13
-0.422   0.0914    -6.25
-0.177   0.0356    -4.44
0.053   0.0219    -2.81
0.246   0.0224    -1.30
0.476   0.0144     0.33
0.602   0.0177     1.91
0.695   0.0197     3.12
0.833   0.0215     4.91
0.952   0.0254     6.40
1.059   0.0299     7.87
1.147   0.0368     9.43
1.199   0.0470    10.85
1.231   0.0602    12.36
299566
13
-0.279   0.0699    -6.14
-0.005   0.0175    -4.50
0.175   0.0125    -2.79
0.308   0.0135    -1.32
0.443   0.0148     0.07
0.602   0.0168     1.71
0.761   0.0191     3.41
0.860   0.0207     4.56
1.036   0.0252     6.69
1.128   0.0293     8.11
1.187   0.0340     9.19
1.240   0.0436    10.77
1.267   0.0624    12.38
298975
2
-0.133   0.0420    -5.37
0.090   0.0140    -3.76
499026
11
-0.003   0.0157    -4.46
0.148   0.0136    -3.00
0.319   0.0135    -1.31
0.445   0.0141    -0.05
0.614   0.0155     1.60
0.779   0.0176     3.31
0.904   0.0198     4.71
1.020   0.0225     6.10
1.141   0.0272     7.79
1.228   0.0333     9.47
1.278   0.0416    10.96
500070
2
-0.120   0.0402    -5.60
-0.051   0.0173    -5.02
Airfoil: SG6042T2
Builder: M. Allen
Comment: Re = 300,000: clean & zigzag trip Type C @ 2% u.s. & 5% l.s. (h = 0.005", 0.010", 0.014", 0.018", 0.023")
7
299571
18
-0.076   0.0291    -5.09
0.065   0.0169    -4.01
0.168   0.0140    -3.02
0.292   0.0115    -1.94
0.398   0.0098    -0.90
0.485   0.0089     0.09
0.602   0.0091     1.11
0.704   0.0093     2.11
0.816   0.0095     3.16
0.921   0.0102     4.22
1.034   0.0116     5.42
1.110   0.0135     6.37
1.192   0.0166     7.44
1.257   0.0194     8.41
1.341   0.0244     9.85
1.365   0.0259    10.32
1.415   0.0325    11.50
1.436   0.0390    12.32
299308
13
-0.276   0.0693    -6.14
-0.013   0.0198    -4.50
0.182   0.0136    -2.96
0.351   0.0111    -1.41
0.490   0.0092     0.07
0.659   0.0091     1.71
0.807   0.0095     3.17
0.953   0.0115     4.78
1.079   0.0149     6.26
1.185   0.0185     7.64
1.318   0.0252     9.70
1.369   0.0303    10.77
1.416   0.0418    12.38
298882
13
-0.268   0.0674    -6.06
-0.012   0.0192    -4.52
0.187   0.0136    -2.93
0.354   0.0119    -1.42
0.518   0.0104     0.19
0.661   0.0086     1.68
0.795   0.0120     3.22
0.904   0.0165     4.72
1.054   0.0189     6.36
1.184   0.0221     7.96
1.293   0.0262     9.50
1.369   0.0326    11.02
1.406   0.0431    12.28
299228
13
-0.279   0.0693    -6.14
-0.015   0.0185    -4.53
0.188   0.0135    -2.91
0.353   0.0114    -1.39
0.497   0.0112     0.13
0.617   0.0142     1.60
0.764   0.0171     3.28
0.900   0.0184     4.80
1.026   0.0199     6.24
1.174   0.0243     8.16
1.266   0.0293     9.63
1.320   0.0365    10.92
1.357   0.0533    12.43
299932
13
-0.273   0.0678    -6.13
-0.047   0.0196    -4.78
0.173   0.0142    -3.03
0.340   0.0118    -1.36
0.475   0.0133     0.25
0.631   0.0162     1.93
0.742   0.0177     3.13
0.896   0.0201     4.84
1.025   0.0229     6.35
1.127   0.0266     8.08
1.226   0.0326     9.55
1.281   0.0434    11.12
1.300   0.0592    12.36
299566
13
-0.279   0.0699    -6.14
-0.005   0.0175    -4.50
0.175   0.0125    -2.79
0.308   0.0135    -1.32
0.443   0.0148     0.07
0.602   0.0168     1.71
0.761   0.0191     3.41
0.860   0.0207     4.56
1.036   0.0252     6.69
1.128   0.0293     8.11
1.187   0.0340     9.19
1.240   0.0436    10.77
1.267   0.0624    12.38
298975
2
-0.133   0.0420    -5.37
0.090   0.0140    -3.76
Airfoil: SG6042T3
Builder: M. Allen
Comment: LE tape 0.0065" thick from 5% l.s. to 5% u.s.
1
299822
13
-0.292   0.0736    -6.15
-0.020   0.0227    -4.56
0.178   0.0139    -2.96
0.346   0.0114    -1.41
0.495   0.0092     0.13
0.677   0.0086     1.92
0.805   0.0096     3.17
0.940   0.0118     4.66
1.087   0.0151     6.35
1.209   0.0192     7.98
1.310   0.0241     9.53
1.392   0.0303    11.07
1.432   0.0418    12.51
Airfoil: SG6042T4
Builder: M. Allen
Comment: Re = 300,000: clean & plain trip (h = 0.006") @ x/c = 5%, 15%, 25%, 35%, 45%  
7
298038
2
0.913   0.0103     4.15
0.962   0.0106     4.65
298744
2
0.903   0.0109     4.22
0.938   0.0117     4.64
298687
2
0.898   0.0107     4.14
0.945   0.0114     4.65
298864
2
0.905   0.0103     4.13
0.958   0.0109     4.67
298582
2
0.912   0.0101     4.18
0.957   0.0107     4.65
298660
2
0.914   0.0102     4.16
0.959   0.0107     4.64
298876
2
0.910   0.0101     4.18
0.957   0.0106     4.66
Airfoil: SG6042T5
Builder: M. Allen
Comment: Re = 300,000: clean & plain trip @ x/c = 35% (h = 0.006", 0.012", 0.018", 0.024")
5
298038
2
0.913   0.0103     4.15
0.962   0.0106     4.65
298582
2
0.912   0.0101     4.18
0.957   0.0107     4.65
297125
1
0.904   0.0105     4.18
296406
1
0.885   0.0114     4.12
297588
1
0.882   0.0121     4.17
Airfoil: SG6043
Builder: M. Allen
Comment: clean
9
99681
16
-0.278   0.0888    -4.32
0.047   0.0428    -3.07
0.190   0.0332    -1.89
0.300   0.0338    -0.87
0.379   0.0330     0.10
0.483   0.0383     1.13
0.616   0.0428     2.25
0.708   0.0427     2.95
0.961   0.0359     4.20
1.095   0.0298     5.10
1.203   0.0235     6.08
1.285   0.0218     7.27
1.366   0.0230     8.39
1.413   0.0257     9.35
1.424   0.0295    10.33
1.432   0.0364    11.30
149877
17
-0.071   0.0623    -4.01
0.141   0.0391    -3.18
0.269   0.0308    -2.22
0.466   0.0276    -0.69
0.601   0.0247     0.37
0.745   0.0236     1.34
0.873   0.0216     2.33
0.946   0.0206     2.95
1.110   0.0182     4.56
1.192   0.0173     5.43
1.313   0.0177     6.72
1.348   0.0184     7.12
1.438   0.0212     8.51
1.473   0.0252     9.40
1.490   0.0339    10.41
1.521   0.0408    11.58
1.538   0.0483    12.43
199784
17
-0.122   0.0750    -4.95
0.142   0.0395    -3.91
0.303   0.0257    -2.93
0.454   0.0210    -1.85
0.570   0.0186    -0.97
0.682   0.0162     0.08
0.793   0.0154     1.07
0.915   0.0148     2.20
1.038   0.0145     3.36
1.095   0.0143     3.97
1.228   0.0143     5.32
1.325   0.0153     6.46
1.403   0.0172     7.55
1.458   0.0201     8.59
1.493   0.0245     9.56
1.507   0.0285    10.20
1.542   0.0352    11.44
199052
2
1.563   0.0404    12.28
1.576   0.0507    13.61
299102
20
-0.124   0.0864    -6.23
0.052   0.0583    -5.20
0.271   0.0240    -4.13
0.401   0.0158    -3.05
0.517   0.0136    -2.05
0.631   0.0121    -1.02
0.733   0.0109    -0.02
0.840   0.0106     1.05
0.958   0.0108     2.17
1.053   0.0108     3.12
1.158   0.0110     4.17
1.249   0.0119     5.18
1.349   0.0135     6.35
1.410   0.0154     7.19
1.467   0.0187     8.25
1.511   0.0230     9.34
1.540   0.0282    10.31
1.570   0.0343    11.33
1.592   0.0408    12.32
1.607   0.0519    13.30
302510
1
-0.051   0.0740    -5.73
399643
6
-0.051   0.0776    -6.25
0.118   0.0498    -5.21
0.305   0.0171    -4.11
0.418   0.0124    -3.09
0.539   0.0111    -2.02
0.656   0.0102    -0.96
398416
13
0.755   0.0095    -0.02
0.858   0.0088     1.04
0.961   0.0090     2.03
1.066   0.0093     3.06
1.168   0.0099     4.10
1.261   0.0109     5.13
1.344   0.0126     6.14
1.417   0.0151     7.21
1.468   0.0182     8.18
1.516   0.0220     9.27
1.554   0.0271    10.32
1.587   0.0328    11.33
1.614   0.0419    12.38
498423
19
-0.036   0.0763    -6.32
0.143   0.0459    -5.22
0.316   0.0134    -4.17
0.433   0.0108    -3.17
0.550   0.0098    -2.12
0.667   0.0092    -1.08
0.782   0.0085    -0.06
0.883   0.0080     1.00
0.997   0.0084     2.11
1.101   0.0088     3.15
1.201   0.0096     4.20
1.288   0.0109     5.20
1.360   0.0127     6.17
1.433   0.0156     7.29
1.482   0.0183     8.18
1.530   0.0226     9.22
1.566   0.0269    10.21
1.599   0.0328    11.22
1.627   0.0409    12.28
Airfoil: SG6043T
Builder: M. Allen
Comment: Zigzag trip Type C (h = 0.023") @ 2% u.s. & 5% l.s. (Cm @ 500,000 is incorrect)
5
138371
13
-0.358   0.1138    -6.20
-0.255   0.0892    -4.64
0.153   0.0371    -2.95
0.369   0.0286    -1.33
0.550   0.0227    -0.26
0.813   0.0183     1.99
0.900   0.0215     3.23
1.008   0.0240     4.82
1.108   0.0272     6.22
1.202   0.0335     7.74
1.268   0.0414     9.28
1.306   0.0535    10.74
1.360   0.0127     6.17
299460
12
-0.090   0.0802    -5.80
0.140   0.0444    -4.64
0.405   0.0115    -2.99
0.531   0.0136    -1.50
0.666   0.0157     0.00
0.798   0.0185     1.55
0.932   0.0206     3.11
1.049   0.0234     4.55
1.166   0.0278     6.19
1.255   0.0339     7.74
1.320   0.0439     9.34
1.348   0.0532    10.37
298916
2
0.248   0.0187    -4.15
0.319   0.0160    -3.71
453329
11
0.206   0.0303    -4.68
0.392   0.0140    -3.08
0.554   0.0145    -1.41
0.700   0.0161     0.12
0.840   0.0178     1.55
0.978   0.0202     3.14
1.102   0.0234     4.69
1.213   0.0287     6.32
1.284   0.0345     7.66
1.348   0.0457     9.48
1.320   0.0439     9.34
498927
2
0.057   0.0569    -5.25
0.345   0.0141    -3.60
Airfoil: SG6043T2
Builder: M. Allen
Comment: Re = 200,000: clean & plain trip (h = 0.006") @ x/c = 5%, 15%, 25%, 35%, 45%  
6
199574
3
1.248   0.0145     5.57
1.294   0.0148     6.07
1.337   0.0155     6.60
198814
3
1.234   0.0140     5.61
1.273   0.0148     6.08
1.317   0.0158     6.67
198852
3
1.230   0.0139     5.53
1.280   0.0145     6.09
1.328   0.0156     6.63
199199
3
1.240   0.0141     5.54
1.291   0.0146     6.09
1.335   0.0155     6.62
199199
3
1.243   0.0145     5.56
1.291   0.0148     6.06
1.336   0.0154     6.60
199457
3
1.247   0.0144     5.56
1.300   0.0149     6.13
1.338   0.0154     6.60
Airfoil: SG6043T3
Builder: M. Allen
Comment: Re = 300,000: clean & plain trip (h = 0.006") @ x/c = 5%, 15%, 25%, 35%, 45%  
6
298463
2
1.248   0.0120     5.23
1.278   0.0122     5.57
298083
2
1.220   0.0127     5.23
1.248   0.0135     5.59
298574
2
1.229   0.0126     5.21
1.261   0.0132     5.59
298014
2
1.236   0.0121     5.18
1.274   0.0126     5.61
297704
2
1.240   0.0119     5.19
1.279   0.0125     5.64
298926
2
1.213   0.0117     4.82
1.255   0.0120     5.27
Airfoil: TRNR60
Builder: J. Thomas
Comment: clean
7
100800
16
-0.427   0.0201    -4.15
-0.336   0.0210    -3.10
-0.224   0.0214    -1.92
-0.132   0.0204    -1.00
-0.036   0.0215    -0.02
0.054   0.0213     1.00
0.156   0.0208     2.15
0.243   0.0195     3.09
0.335   0.0191     4.09
0.486   0.0205     5.18
0.604   0.0209     6.28
0.701   0.0249     7.24
0.798   0.0270     8.24
0.889   0.0309     9.24
0.980   0.0323    10.25
1.064   0.0375    11.28
201600
16
-0.498   0.0154    -4.15
-0.395   0.0151    -3.11
-0.288   0.0153    -2.09
-0.177   0.0151    -1.07
-0.065   0.0149    -0.02
0.039   0.0149     0.99
0.142   0.0151     2.01
0.246   0.0150     3.05
0.353   0.0154     4.11
0.450   0.0156     5.12
0.561   0.0169     6.12
0.706   0.0173     7.17
0.816   0.0194     8.20
0.919   0.0220     9.21
1.015   0.0239    10.24
1.107   0.0264    11.26
199200
2
1.190   0.0293    12.29
1.231   0.0374    13.27
301800
16
-0.419   0.0131    -3.11
-0.304   0.0130    -2.08
-0.186   0.0130    -1.04
-0.072   0.0130    -0.03
0.049   0.0127     1.07
0.163   0.0126     2.16
0.290   0.0128     3.06
0.404   0.0129     4.08
0.508   0.0135     5.10
0.614   0.0140     6.15
0.744   0.0146     7.23
0.885   0.0176     8.46
0.976   0.0187     9.30
1.097   0.0212    10.48
1.186   0.0244    11.53
1.217   0.0320    12.27
404100
15
-0.553   0.0125    -4.17
-0.439   0.0122    -3.14
-0.319   0.0119    -2.17
-0.193   0.0118    -1.07
-0.076   0.0117    -0.05
0.049   0.0117     1.06
0.184   0.0118     2.02
0.303   0.0117     3.07
0.422   0.0118     4.11
0.540   0.0122     5.20
0.641   0.0132     6.17
0.763   0.0142     7.32
0.888   0.0151     8.32
0.999   0.0173     9.34
1.109   0.0192    10.42
398700
2
1.183   0.0241    11.50
1.179   0.0658    12.35
504000
16
-0.456   0.0117    -3.18
-0.334   0.0114    -2.14
-0.207   0.0111    -1.06
-0.090   0.0110    -0.02
0.026   0.0110     1.00
0.144   0.0111     2.02
0.257   0.0112     3.04
0.373   0.0112     4.08
0.488   0.0115     5.10
0.591   0.0122     6.12
0.696   0.0132     7.14
0.800   0.0140     8.17
0.921   0.0152     9.19
1.049   0.0164    10.20
1.118   0.0200    11.23
1.153   0.0480    12.27
Airfoil: ULTIMATE
Builder: M. Levoe
Comment: clean
6
100500
14
-0.414   0.0168    -2.95
-0.341   0.0174    -1.86
-0.256   0.0159    -0.92
-0.053   0.0170     0.18
0.131   0.0178     1.23
0.294   0.0172     2.26
0.371   0.0159     3.29
0.440   0.0165     4.27
0.521   0.0168     5.30
0.604   0.0172     6.31
0.671   0.0218     7.32
0.722   0.0284     8.33
0.792   0.0346     9.36
0.845   0.0437    10.36
102000
2
-0.578   0.0171    -4.99
-0.492   0.0170    -3.93
201200
16
-0.605   0.0126    -5.05
-0.513   0.0121    -3.96
-0.408   0.0122    -2.90
-0.261   0.0130    -1.86
-0.108   0.0099    -0.84
0.001   0.0095     0.21
0.078   0.0106     1.16
0.189   0.0105     2.23
0.326   0.0113     3.25
0.462   0.0121     4.27
0.548   0.0125     5.29
0.625   0.0139     6.28
0.692   0.0199     7.34
0.764   0.0236     8.34
0.829   0.0290     9.36
0.879   0.0390    10.36
301400
16
-0.611   0.0115    -4.98
-0.515   0.0103    -3.94
-0.389   0.0108    -2.97
-0.234   0.0102    -1.92
-0.099   0.0090    -0.82
-0.014   0.0088     0.09
0.081   0.0085     1.19
0.176   0.0090     2.21
0.322   0.0105     3.26
0.458   0.0106     4.28
0.576   0.0115     5.30
0.640   0.0140     6.30
0.707   0.0176     7.33
0.785   0.0213     8.42
0.846   0.0261     9.37
0.902   0.0370    10.44
402300
16
-0.625   0.0119    -5.16
-0.480   0.0108    -3.85
-0.337   0.0097    -2.80
-0.197   0.0085    -1.65
-0.111   0.0080    -0.81
-0.002   0.0078     0.23
0.089   0.0078     1.17
0.209   0.0081     2.18
0.324   0.0089     3.25
0.441   0.0082     4.25
0.564   0.0113     5.28
0.647   0.0136     6.30
0.729   0.0168     7.44
0.799   0.0195     8.37
0.870   0.0239     9.42
0.944   0.0340    10.66
502600
15
-0.466   0.0085    -4.00
-0.317   0.0073    -2.82
-0.196   0.0078    -1.74
-0.079   0.0075    -0.61
0.030   0.0075     0.43
0.127   0.0076     1.33
0.235   0.0079     2.36
0.334   0.0082     3.33
0.425   0.0090     4.23
0.558   0.0110     5.35
0.639   0.0129     6.27
0.718   0.0152     7.31
0.803   0.0179     8.39
0.892   0.0229     9.77
0.939   0.0297    10.78
Airfoil: US1000
Builder: D. Brengman
Comment: clean
5
101100
15
-0.307   0.0214    -3.03
-0.202   0.0205    -1.97
-0.125   0.0209    -0.96
-0.032   0.0219     0.05
0.059   0.0213     1.08
0.142   0.0210     2.09
0.217   0.0214     3.12
0.308   0.0207     4.14
0.481   0.0237     5.28
0.594   0.0231     6.18
0.639   0.0253     7.21
0.713   0.0249     8.23
0.813   0.0242     9.26
0.881   0.0261    10.28
0.937   0.0331    11.30
201500
16
-0.311   0.0149    -3.02
-0.215   0.0143    -2.00
-0.117   0.0137    -1.00
-0.015   0.0135     0.05
0.080   0.0132     1.07
0.180   0.0139     2.08
0.278   0.0141     3.11
0.372   0.0151     4.13
0.464   0.0154     5.17
0.561   0.0160     6.18
0.693   0.0179     7.22
0.799   0.0169     8.27
0.868   0.0213     9.29
0.907   0.0281    10.28
0.914   0.0539    11.27
0.905   0.0691    12.27
302100
15
-0.340   0.0127    -3.04
-0.230   0.0121    -1.99
-0.125   0.0117    -0.97
-0.023   0.0114     0.03
0.086   0.0113     1.09
0.189   0.0116     2.10
0.296   0.0118     3.13
0.402   0.0123     4.16
0.505   0.0129     5.19
0.599   0.0136     6.22
0.693   0.0133     7.23
0.805   0.0165     8.26
0.866   0.0209     9.28
0.894   0.0316    10.28
0.900   0.0536    11.30
403400
15
-0.353   0.0111    -3.07
-0.235   0.0107    -1.95
-0.128   0.0106    -0.97
-0.023   0.0105     0.04
0.084   0.0104     1.07
0.191   0.0104     2.09
0.305   0.0106     3.13
0.410   0.0111     4.16
0.516   0.0117     5.20
0.619   0.0121     6.24
0.706   0.0130     7.23
0.794   0.0144     8.27
0.854   0.0205     9.29
0.878   0.0337    10.28
0.882   0.0525    11.29
504100
14
-0.368   0.0103    -3.15
-0.221   0.0100    -1.83
-0.093   0.0099    -0.67
0.007   0.0098     0.26
0.092   0.0099     1.09
0.197   0.0099     2.09
0.303   0.0099     3.12
0.411   0.0103     4.16
0.522   0.0108     5.23
0.633   0.0115     6.24
0.748   0.0136     7.61
0.804   0.0162     8.42
0.864   0.0256     9.84
0.872   0.0359    10.28
Airfoil: USNPS4
Builder: J. Raley
Comment: clean
4
99800
11
-0.143   0.0588    -3.28
0.091   0.0428    -1.58
0.320   0.0380     0.01
0.643   0.0270     1.54
0.839   0.0201     3.15
0.953   0.0185     4.59
1.060   0.0219     6.22
1.167   0.0269     7.69
1.291   0.0337     9.26
1.386   0.0422    10.71
1.445   0.0576    12.31
199300
11
0.096   0.0404    -3.29
0.340   0.0244    -1.56
0.511   0.0176    -0.09
0.683   0.0124     1.45
0.850   0.0128     3.08
0.961   0.0142     4.60
1.063   0.0176     6.08
1.176   0.0208     7.60
1.283   0.0243     9.11
1.391   0.0280    10.67
1.488   0.0335    12.21
299000
13
-0.020   0.0557    -4.72
0.191   0.0316    -3.15
0.384   0.0186    -1.60
0.543   0.0140    -0.07
0.706   0.0101     1.46
0.851   0.0104     3.00
0.964   0.0129     4.53
1.090   0.0159     6.15
1.208   0.0183     7.67
1.320   0.0212     9.17
1.428   0.0245    10.68
1.520   0.0291    12.16
1.602   0.0358    13.68
398300
13
-0.000   0.0556    -4.97
0.222   0.0291    -3.11
0.395   0.0164    -1.46
0.564   0.0121     0.12
0.702   0.0089     1.54
0.834   0.0097     2.97
0.942   0.0118     4.45
1.077   0.0144     6.07
1.186   0.0163     7.50
1.322   0.0194     9.22
1.436   0.0232    10.87
1.513   0.0268    12.19
1.594   0.0342    13.68
