Airfoil: 7037B
Builder: D. Thompson
Comment: clean
5
59600
11
-0.161   0.0237    -3.82
-0.031   0.0210    -2.28
0.100   0.0162    -0.76
0.279   0.0220     0.79
0.531   0.0259     2.35
0.690   0.0265     3.89
0.826   0.0253     5.43
0.953   0.0284     6.97
1.058   0.0326     8.48
1.160   0.0380    10.00
1.239   0.0463    11.54
99500
11
-0.188   0.0222    -3.82
-0.031   0.0170    -2.28
0.134   0.0148    -0.75
0.370   0.0163     0.82
0.536   0.0161     2.36
0.676   0.0159     3.90
0.810   0.0171     5.43
0.942   0.0193     6.96
1.117   0.0297     9.35
1.154   0.0320    10.01
1.220   0.0428    11.53
200100
11
-0.181   0.0189    -4.79
-0.026   0.0126    -3.29
0.137   0.0112    -1.74
0.278   0.0096    -0.21
0.425   0.0095     1.33
0.581   0.0103     2.87
0.749   0.0117     4.42
0.895   0.0139     5.95
1.029   0.0170     7.49
1.135   0.0221     8.99
1.229   0.0276    10.52
299400
11
-0.157   0.0160    -4.85
-0.010   0.0125    -3.28
0.235   0.0087    -0.64
0.269   0.0083    -0.26
0.448   0.0076     1.37
0.603   0.0088     2.88
0.759   0.0103     4.43
0.898   0.0124     5.91
1.034   0.0152     7.48
1.149   0.0195     9.00
1.249   0.0236    10.52
300400
1
0.131   0.0102    -1.82
Airfoil: 7037BF10
Builder: D. Thompson
Comment: clean: flap = 10 degs
6
59500
11
-0.027   0.0289    -4.82
0.111   0.0242    -3.28
0.240   0.0228    -1.75
0.391   0.0281    -0.21
0.576   0.0325     1.32
0.846   0.0318     2.91
1.071   0.0230     5.14
1.127   0.0272     5.98
1.201   0.0307     7.50
1.262   0.0424     9.00
1.323   0.0490    10.51
99400
11
0.181   0.0235    -3.77
0.301   0.0214    -2.22
0.444   0.0224    -0.70
0.570   0.0262     0.49
0.908   0.0215     2.41
1.051   0.0187     3.97
1.167   0.0228     5.47
1.262   0.0271     7.01
1.314   0.0367     8.52
1.370   0.0445    10.03
1.397   0.0541    11.27
198400
11
0.306   0.0155    -3.76
0.469   0.0148    -2.13
0.620   0.0154    -0.65
0.779   0.0153     0.88
0.932   0.0131     2.42
1.062   0.0163     3.96
1.175   0.0198     5.48
1.260   0.0247     6.98
1.330   0.0302     8.52
1.393   0.0359    10.00
1.427   0.0443    11.54
200800
2
0.114   0.0190    -5.82
0.215   0.0166    -4.70
298800
11
0.106   0.0154    -5.78
0.247   0.0135    -4.26
0.427   0.0128    -2.72
0.578   0.0147    -1.17
0.744   0.0117     0.37
0.877   0.0110     1.89
1.007   0.0139     3.42
1.125   0.0172     4.96
1.218   0.0215     6.53
1.294   0.0260     8.00
1.374   0.0299     9.50
301400
2
-0.142   0.0648    -7.84
0.010   0.0200    -6.80
Airfoil: 7037BF5
Builder: D. Thompson
Comment: clean: flap = 5 degs
5
59900
11
-0.035   0.0251    -3.78
0.097   0.0204    -2.25
0.253   0.0231    -0.72
0.431   0.0250     0.83
0.678   0.0300     2.38
0.897   0.0225     3.94
1.013   0.0220     5.47
1.126   0.0267     7.00
1.195   0.0356     8.49
1.272   0.0434    10.02
1.313   0.0559    11.54
99900
11
-0.005   0.0255    -4.80
0.151   0.0214    -3.24
0.265   0.0186    -1.72
0.438   0.0203    -0.19
0.670   0.0224     1.37
0.861   0.0178     2.92
0.988   0.0177     4.46
1.117   0.0208     5.99
1.213   0.0262     7.51
1.276   0.0349     9.01
1.335   0.0422    10.54
199100
11
0.019   0.0189    -5.64
0.144   0.0153    -4.24
0.288   0.0134    -2.71
0.440   0.0124    -1.16
0.581   0.0133     0.35
0.762   0.0111     1.88
0.898   0.0131     3.41
1.035   0.0159     4.96
1.153   0.0191     6.50
1.243   0.0246     7.99
1.321   0.0299     9.54
298600
11
0.082   0.0139    -4.77
0.230   0.0122    -3.25
0.418   0.0120    -1.69
0.572   0.0097    -0.15
0.720   0.0086     1.37
0.866   0.0109     2.93
1.066   0.0145     5.08
1.135   0.0161     5.98
1.233   0.0205     7.46
1.327   0.0250     9.06
1.392   0.0293    10.55
301900
1
-0.010   0.0169    -5.81
Airfoil: 7037C
Builder: D. Brengman
Comment: clean
4
60300
11
-0.207   0.0307    -4.31
-0.087   0.0233    -2.85
0.057   0.0193    -1.29
0.237   0.0221     0.26
0.461   0.0269     1.83
0.664   0.0302     3.37
0.822   0.0278     4.93
0.958   0.0245     6.45
1.071   0.0276     7.95
1.166   0.0327     9.52
1.252   0.0433    11.03
100200
11
-0.236   0.0269    -4.33
-0.092   0.0212    -2.80
0.070   0.0163    -1.27
0.321   0.0186     0.24
0.513   0.0191     1.83
0.663   0.0177     3.37
0.805   0.0173     4.91
0.939   0.0185     6.43
1.071   0.0234     7.99
1.161   0.0295     9.50
1.241   0.0368    11.02
199100
11
-0.172   0.0203    -4.24
0.014   0.0150    -2.76
0.197   0.0119    -1.23
0.349   0.0105     0.31
0.505   0.0107     1.84
0.664   0.0113     3.38
0.820   0.0122     4.92
0.961   0.0143     6.45
1.083   0.0185     7.98
1.187   0.0232     9.52
1.267   0.0285    11.04
298900
11
-0.185   0.0212    -4.89
0.036   0.0123    -2.84
0.184   0.0096    -1.23
0.340   0.0073     0.30
0.504   0.0078     1.85
0.664   0.0088     3.39
0.819   0.0105     4.93
0.952   0.0126     6.40
1.083   0.0166     7.99
1.199   0.0208     9.52
1.275   0.0250    11.00
Airfoil: 7037CBF4
Builder: D. Brengman
Comment: gurney flap (h/c = 0.4%)
4
60100
10
-0.153   0.0385    -5.31
-0.033   0.0264    -3.77
0.087   0.0176    -2.25
0.235   0.0174    -0.73
0.392   0.0267     0.80
0.589   0.0327     2.38
0.778   0.0285     3.92
0.947   0.0240     5.45
1.077   0.0257     6.99
1.176   0.0287     8.49
100000
10
-0.198   0.0342    -5.28
-0.050   0.0220    -4.18
0.100   0.0161    -2.22
0.249   0.0169    -0.70
0.499   0.0183     0.84
0.666   0.0191     2.39
0.813   0.0176     3.92
0.960   0.0180     5.46
1.092   0.0219     7.00
1.202   0.0283     8.52
199700
10
-0.178   0.0248    -5.31
-0.022   0.0166    -3.78
0.180   0.0128    -2.26
0.338   0.0123    -0.72
0.475   0.0111     0.85
0.645   0.0111     2.37
0.812   0.0123     3.93
0.964   0.0143     5.44
1.108   0.0178     7.00
1.228   0.0226     8.53
299300
11
-0.154   0.0205    -5.29
0.029   0.0126    -3.76
0.218   0.0102    -2.25
0.365   0.0086    -0.70
0.477   0.0081     0.79
0.658   0.0092     2.38
0.836   0.0107     4.02
0.980   0.0126     5.45
1.119   0.0160     6.95
1.250   0.0199     8.52
1.352   0.0245    10.04
Airfoil: 7075AT1
Builder: J. Robertson
Comment: plain trip @ x/c = 68% (h/c = 0.17%; w/c = 2.0%)
4
99800
11
-0.188   0.0264    -4.00
-0.040   0.0192    -2.49
0.083   0.0147    -0.94
0.291   0.0173     0.62
0.518   0.0216     2.15
0.715   0.0175     3.71
0.851   0.0165     5.24
0.971   0.0191     6.77
1.092   0.0243     8.29
1.147   0.0334     9.81
1.198   0.0478    11.33
199100
11
-0.034   0.0161    -3.80
0.098   0.0128    -2.42
0.250   0.0103    -0.90
0.385   0.0116     0.64
0.535   0.0107     2.02
0.727   0.0100     3.73
0.853   0.0124     5.13
0.988   0.0157     6.78
1.095   0.0205     8.31
1.167   0.0286     9.82
1.220   0.0404    11.34
202900
1
-0.144   0.0231    -4.99
300000
11
-0.154   0.0204    -5.00
-0.013   0.0129    -3.46
0.130   0.0102    -1.92
0.272   0.0086    -0.49
0.468   0.0077     1.14
0.645   0.0081     2.79
0.785   0.0097     4.24
0.918   0.0121     5.77
1.043   0.0157     7.29
1.144   0.0203     8.83
1.216   0.0287    10.36
Airfoil: 7075AT2
Builder: J. Robertson
Comment: Zig-Zag trip type "D" @ x/c = 68% (h/c = 0.25%)
4
60200
11
-0.190   0.0309    -4.00
-0.055   0.0236    -2.49
0.072   0.0183    -0.97
0.238   0.0220     0.58
0.422   0.0241     2.13
0.680   0.0297     3.72
0.857   0.0228     5.24
0.970   0.0224     6.73
1.063   0.0315     8.28
1.136   0.0375     9.82
1.197   0.0573    11.33
100200
11
-0.172   0.0292    -5.00
-0.027   0.0200    -3.47
0.107   0.0143    -1.95
0.207   0.0157    -0.50
0.361   0.0194     1.12
0.571   0.0212     2.55
0.762   0.0169     4.21
0.896   0.0177     5.76
1.019   0.0209     7.28
1.109   0.0281     8.80
1.168   0.0389    10.32
199600
11
-0.158   0.0236    -4.97
-0.028   0.0155    -3.47
0.121   0.0110    -1.94
0.265   0.0083    -0.41
0.429   0.0090     1.14
0.605   0.0105     2.68
0.779   0.0109     4.23
0.908   0.0142     5.77
1.030   0.0174     7.28
1.118   0.0230     8.81
1.184   0.0320    10.33
299700
11
-0.162   0.0217    -5.00
-0.023   0.0137    -3.45
0.124   0.0101    -1.89
0.259   0.0078    -0.40
0.458   0.0077     1.15
0.626   0.0080     2.68
0.780   0.0103     4.24
0.917   0.0128     5.76
1.040   0.0161     7.31
1.140   0.0208     8.83
1.205   0.0277    10.20
Airfoil: 7075AT3
Builder: J. Robertson
Comment: Zig-Zag trip type "D" @ x/c = 68% (h/c = 0.39%)
3
99900
11
-0.178   0.0285    -4.99
-0.038   0.0193    -3.48
0.091   0.0128    -1.95
0.262   0.0126    -0.40
0.375   0.0193     1.11
0.594   0.0196     2.67
0.766   0.0155     4.23
0.892   0.0186     5.74
1.006   0.0223     7.19
1.102   0.0282     8.76
1.165   0.0384    10.32
199400
11
-0.156   0.0237    -4.99
-0.023   0.0159    -3.46
0.122   0.0115    -1.96
0.272   0.0089    -0.40
0.434   0.0094     1.15
0.604   0.0099     2.67
0.770   0.0109     4.25
0.898   0.0149     5.76
1.022   0.0181     7.29
1.158   0.0270     9.57
1.183   0.0320    10.33
299100
11
-0.158   0.0217    -5.00
-0.016   0.0143    -3.45
0.122   0.0108    -1.95
0.340   0.0080     0.24
0.442   0.0081     1.13
0.666   0.0087     3.18
0.762   0.0110     4.23
0.899   0.0137     5.76
1.027   0.0169     7.29
1.129   0.0215     8.83
1.198   0.0290    10.34
Airfoil: 7075ATF1
Builder: J. Robertson
Comment: flap = 10 degs: Zig-Zag trip type "D" @ x/c = 68% (h/c = 0.25%)
4
60300
11
-0.018   0.0385    -5.99
0.161   0.0325    -4.43
0.274   0.0289    -2.94
0.409   0.0305    -1.40
0.551   0.0350     0.13
0.661   0.0375     1.66
0.880   0.0455     3.21
1.185   0.0281     4.80
1.245   0.0373     6.31
1.283   0.0445     7.82
1.338   0.0593     9.33
99600
11
-0.014   0.0336    -6.00
0.151   0.0286    -4.46
0.295   0.0265    -2.92
0.426   0.0267    -1.40
0.578   0.0326     0.15
0.679   0.0399     1.67
1.044   0.0306     3.25
1.191   0.0249     4.79
1.265   0.0313     6.32
1.294   0.0403     7.82
1.345   0.0511     9.34
198500
11
0.241   0.0181    -5.92
0.383   0.0144    -4.35
0.525   0.0139    -2.88
0.675   0.0144    -1.25
0.813   0.0150     0.21
0.976   0.0168     1.74
1.161   0.0160     3.26
1.203   0.0230     4.76
1.266   0.0285     6.31
1.323   0.0353     7.81
1.387   0.0444     9.34
297900
11
0.107   0.0223    -7.15
0.403   0.0130    -4.38
0.563   0.0121    -2.85
0.711   0.0129    -1.34
0.861   0.0128     0.19
1.014   0.0129     1.74
1.127   0.0166     3.26
1.168   0.0231     4.77
1.243   0.0278     6.32
1.324   0.0335     7.86
1.389   0.0414     9.33
Airfoil: 7075ATF5
Builder: J. Robertson
Comment: flap = 5 degs: Zig-Zag trip type "D" @ x/c = 68% (h/c = 0.25%)
5
59300
11
-0.063   0.0307    -4.82
0.146   0.0220    -2.43
0.280   0.0232    -0.91
0.424   0.0263     0.63
0.553   0.0350     2.15
0.863   0.0310     3.71
1.018   0.0233     5.26
1.126   0.0322     6.79
1.178   0.0376     8.28
1.237   0.0513     9.83
1.276   0.0752    11.34
99500
11
0.032   0.0244    -4.98
0.166   0.0204    -3.44
0.282   0.0190    -1.93
0.400   0.0201    -0.39
0.601   0.0284     1.63
0.757   0.0288     2.68
1.008   0.0170     4.26
1.102   0.0211     5.80
1.208   0.0277     7.30
1.243   0.0360     8.83
1.296   0.0494    10.34
98800
1
0.897   0.0210     3.42
198900
11
0.095   0.0167    -4.95
0.227   0.0125    -3.56
0.376   0.0106    -1.89
0.521   0.0100    -0.38
0.714   0.0106     1.19
0.895   0.0112     2.77
1.027   0.0142     4.28
1.127   0.0182     5.78
1.213   0.0235     7.31
1.267   0.0308     8.83
1.318   0.0411    10.33
299100
11
-0.011   0.0198    -5.97
0.117   0.0141    -4.52
0.273   0.0107    -2.93
0.450   0.0094    -1.37
0.605   0.0087     0.15
0.777   0.0092     1.70
0.930   0.0106     3.19
1.048   0.0148     4.77
1.150   0.0187     6.32
1.226   0.0244     7.87
1.280   0.0316     9.32
Airfoil: 7075BT2
Builder: J. Robertson
Comment: Zig-Zag trip type "D" @ x/c = 68% (h/c = 0.25%)
4
59900
11
-0.379   0.0333    -5.21
-0.269   0.0251    -3.69
-0.147   0.0163    -2.18
0.094   0.0189     0.32
0.181   0.0229     0.91
0.416   0.0301     2.46
0.623   0.0235     4.01
0.779   0.0201     5.56
0.906   0.0245     7.08
0.991   0.0324     8.61
1.048   0.0513    10.11
100100
11
-0.257   0.0296    -5.16
-0.097   0.0204    -3.64
0.032   0.0159    -2.17
0.152   0.0148    -0.60
0.355   0.0162     0.93
0.517   0.0173     2.48
0.660   0.0163     4.02
0.799   0.0179     5.55
0.934   0.0206     7.09
1.027   0.0287     8.62
1.110   0.0370    10.12
199800
11
-0.244   0.0278    -5.17
-0.107   0.0171    -3.64
0.164   0.0093    -0.85
0.189   0.0093    -0.60
0.361   0.0097     0.95
0.517   0.0097     2.47
0.678   0.0114     4.03
0.825   0.0133     5.57
0.956   0.0173     7.10
1.064   0.0233     8.64
1.160   0.0295    10.15
300100
11
-0.256   0.0260    -5.23
-0.097   0.0147    -3.53
0.027   0.0120    -2.22
0.194   0.0080    -0.54
0.355   0.0080     0.94
0.529   0.0084     2.53
0.686   0.0102     4.05
0.832   0.0122     5.56
0.967   0.0159     7.13
1.081   0.0204     8.62
1.183   0.0258    10.14
Airfoil: CR001
Builder: J. Robertson
Comment: clean
4
59200
11
-0.107   0.0443    -4.23
0.062   0.0272    -2.70
0.217   0.0208    -1.16
0.381   0.0215     0.38
0.562   0.0245     1.82
0.788   0.0297     3.48
0.975   0.0259     5.01
1.099   0.0264     6.55
1.202   0.0293     8.08
1.269   0.0385     9.59
1.318   0.0576    11.10
99100
11
-0.175   0.0488    -4.25
0.051   0.0237    -2.67
0.211   0.0194    -1.17
0.429   0.0181     0.39
0.650   0.0211     1.94
0.829   0.0186     3.49
0.963   0.0173     5.02
1.089   0.0185     6.56
1.191   0.0250     7.98
1.266   0.0332     9.59
1.302   0.0499    11.10
199000
11
-0.306   0.0763    -5.27
-0.050   0.0345    -3.75
0.174   0.0165    -2.17
0.407   0.0120    -0.62
0.579   0.0100     0.91
0.738   0.0102     2.49
0.887   0.0111     4.00
1.025   0.0129     5.53
1.146   0.0169     7.07
1.236   0.0234     8.60
1.297   0.0322    10.11
298800
11
-0.248   0.0702    -5.30
0.040   0.0262    -3.70
0.243   0.0128    -2.28
0.436   0.0083    -0.62
0.594   0.0073     0.95
0.753   0.0080     2.47
0.906   0.0095     4.03
1.042   0.0118     5.55
1.161   0.0156     7.10
1.258   0.0211     8.63
1.320   0.0294    10.13
Airfoil: DAVIS3R
Builder: H. Cole
Comment: multiple plain trips (h/c = 0.15%; w/c = 2.1%) @ x/c = 28.1%; 42.4%; 54.4%; 65.4%; 76.3%
5
40100
11
0.130   0.0484    -1.99
0.338   0.0380    -0.46
0.519   0.0348     1.08
0.693   0.0345     2.64
0.853   0.0433     4.18
0.989   0.0425     5.68
1.151   0.0314     7.23
1.210   0.0351     8.75
1.259   0.0493    10.26
1.327   0.0627    11.78
1.340   0.0980    13.28
59600
11
0.274   0.0456    -1.96
0.474   0.0321    -0.42
0.653   0.0263     1.12
0.818   0.0248     2.66
0.965   0.0270     4.20
1.109   0.0262     5.73
1.200   0.0289     7.26
1.254   0.0386     8.76
1.324   0.0508    10.28
1.384   0.0638    11.81
1.392   0.0990    13.29
99300
11
0.322   0.0331    -1.93
0.516   0.0230    -0.41
0.671   0.0185     1.12
0.824   0.0172     2.66
0.967   0.0185     4.18
1.096   0.0203     5.73
1.170   0.0301     7.25
1.240   0.0398     8.76
1.311   0.0507    10.28
1.362   0.0686    11.79
1.368   0.1030    13.25
198600
9
0.039   0.0542    -2.95
0.260   0.0346    -1.46
0.613   0.0164     0.14
0.781   0.0142     1.67
0.923   0.0152     3.03
1.070   0.0199     4.67
1.151   0.0275     6.10
1.240   0.0361     7.76
1.306   0.0477     9.27
297900
8
0.025   0.0594    -3.12
0.477   0.0227    -1.42
0.654   0.0165     0.10
0.823   0.0151     1.65
0.986   0.0165     3.19
1.098   0.0218     4.70
1.193   0.0290     6.27
1.270   0.0372     7.79
Airfoil: DU86
Builder: R. Adams
Comment: clean
4
59700
11
-0.480   0.0313    -5.77
-0.388   0.0232    -4.24
-0.295   0.0152    -2.74
-0.166   0.0158    -1.19
-0.039   0.0160     0.32
0.110   0.0210     1.88
0.340   0.0274     3.43
0.533   0.0230     4.96
0.648   0.0220     6.51
0.736   0.0342     8.03
0.815   0.0528     9.55
100000
11
-0.456   0.0299    -5.73
-0.345   0.0211    -4.22
-0.219   0.0152    -2.71
-0.105   0.0127    -1.18
0.071   0.0154     0.38
0.269   0.0178     1.92
0.479   0.0190     3.46
0.598   0.0156     5.00
0.715   0.0191     6.51
0.819   0.0306     8.04
0.909   0.0497     9.58
200600
11
-0.400   0.0230    -5.70
-0.257   0.0156    -4.21
-0.116   0.0120    -2.70
0.123   0.0114    -0.13
0.203   0.0121     0.39
0.334   0.0124     1.92
0.452   0.0114     3.47
0.600   0.0106     5.01
0.734   0.0171     6.56
0.848   0.0256     8.06
0.939   0.0435     9.59
300500
11
-0.415   0.0234    -5.69
-0.292   0.0158    -4.30
-0.129   0.0111    -2.59
0.084   0.0100     0.08
0.140   0.0099     0.40
0.303   0.0097     1.92
0.450   0.0087     3.47
0.590   0.0099     4.99
0.727   0.0156     6.52
0.846   0.0229     8.04
0.954   0.0426     9.60
Airfoil: E374B
Builder: M. Bame
Comment: clean
4
60100
17
-0.356   0.0343    -6.43
-0.311   0.0278    -5.43
-0.262   0.0229    -4.40
-0.203   0.0184    -3.39
-0.096   0.0185    -2.35
0.006   0.0227    -1.32
0.152   0.0258    -0.31
0.258   0.0296     0.71
0.335   0.0314     1.75
0.400   0.0369     2.75
0.519   0.0416     4.03
0.683   0.0382     4.84
0.796   0.0355     5.87
0.895   0.0302     6.89
0.977   0.0245     7.92
0.993   0.0352     8.90
1.029   0.0467    10.11
100400
17
-0.439   0.0302    -6.44
-0.394   0.0244    -5.45
-0.302   0.0199    -4.41
-0.161   0.0165    -3.38
-0.004   0.0176    -2.33
0.138   0.0193    -1.31
0.265   0.0211    -0.01
0.322   0.0231     0.72
0.409   0.0262     1.77
0.499   0.0291     2.80
0.601   0.0291     3.82
0.708   0.0245     4.84
0.805   0.0201     5.86
0.895   0.0193     6.89
0.954   0.0242     7.91
0.981   0.0322     8.89
1.021   0.0398     9.91
200500
17
-0.438   0.0236    -6.42
-0.307   0.0173    -5.38
-0.182   0.0133    -4.37
-0.099   0.0112    -3.35
-0.030   0.0096    -2.32
0.060   0.0113    -1.31
0.192   0.0114    -0.28
0.326   0.0117     0.74
0.418   0.0123     1.77
0.517   0.0128     2.80
0.622   0.0130     3.83
0.719   0.0128     4.80
0.824   0.0131     5.87
0.902   0.0154     6.90
0.944   0.0224     7.91
0.986   0.0279     8.92
1.022   0.0353     9.93
300700
17
-0.396   0.0200    -6.42
-0.277   0.0147    -5.37
-0.162   0.0118    -3.98
-0.118   0.0109    -3.41
-0.030   0.0090    -2.33
0.056   0.0086    -1.31
0.157   0.0091    -0.29
0.325   0.0100     0.75
0.419   0.0096     1.73
0.523   0.0097     2.80
0.626   0.0100     3.84
0.727   0.0103     4.86
0.824   0.0108     5.89
0.893   0.0154     6.90
0.937   0.0209     7.88
0.984   0.0257     8.91
1.021   0.0330     9.92
Airfoil: E423
Builder: D. Glaze / M. Lazor
Comment: clean
5
60300
11
-0.200   0.1057    -4.55
-0.252   0.1098    -3.03
-0.054   0.1048    -1.48
0.274   0.0999     0.09
0.489   0.1083     1.64
0.604   0.1175     3.14
0.699   0.1311     4.67
0.784   0.1514     6.20
0.855   0.1614     7.73
0.900   0.1742     9.23
0.960   0.2051    10.75
99700
11
0.218   0.0633    -4.42
0.358   0.0530    -2.90
0.696   0.0304    -1.29
0.859   0.0336     0.21
0.978   0.0405     1.76
1.118   0.0411     3.28
1.267   0.0403     4.85
0.945   0.1296     6.22
0.974   0.1425     7.71
0.995   0.1941     9.25
1.056   0.1924    10.70
198600
11
0.251   0.0597    -4.43
0.432   0.0464    -2.88
0.797   0.0193    -1.29
0.948   0.0205     0.20
1.099   0.0216     1.76
1.245   0.0219     3.32
1.378   0.0222     4.85
1.579   0.0256     7.22
1.633   0.0267     7.90
1.742   0.0282     9.32
1.871   0.0296    11.00
296900
11
0.727   0.0168    -2.31
0.883   0.0158    -0.76
1.035   0.0168     0.76
1.187   0.0173     2.30
1.328   0.0177     3.83
1.463   0.0177     5.36
1.597   0.0190     6.89
1.716   0.0204     8.44
1.827   0.0221     9.93
1.937   0.0237    11.47
2.018   0.0270    13.01
300800
2
0.275   0.0605    -4.48
0.415   0.0497    -3.38
Airfoil: LD79
Builder: L. DeWitt
Comment: clean
4
59400
11
-0.361   0.0891    -5.60
-0.186   0.0491    -4.06
0.022   0.0334    -2.52
0.197   0.0261    -1.01
0.450   0.0221     0.58
0.618   0.0193     2.16
0.763   0.0233     3.65
0.899   0.0274     5.17
1.036   0.0246     6.72
1.130   0.0360     8.26
1.191   0.0549     9.76
99600
10
-0.269   0.0582    -4.58
-0.035   0.0391    -3.09
0.177   0.0258    -1.48
0.384   0.0202     0.04
0.538   0.0196     1.62
0.694   0.0179     3.15
0.846   0.0195     4.67
0.975   0.0245     6.16
1.089   0.0322     7.73
1.184   0.0443     9.27
149400
9
-0.252   0.0572    -4.55
-0.029   0.0348    -2.97
0.170   0.0239    -1.51
0.376   0.0190     0.12
0.530   0.0174     1.59
0.729   0.0160     3.16
0.867   0.0179     4.63
0.999   0.0264     6.23
1.110   0.0344     7.75
199200
10
-0.264   0.0575    -4.58
-0.072   0.0370    -3.33
0.187   0.0223    -1.39
0.394   0.0173     0.08
0.556   0.0158     1.59
0.719   0.0143     3.15
0.982   0.0247     6.06
0.990   0.0253     6.22
1.102   0.0340     7.77
1.178   0.0455     9.25
Airfoil: M06GF1
Builder: M. Allen
Comment: gurney flap (h/c = 1.0%)
1
299200
11
0.011   0.0431    -4.45
0.187   0.0290    -2.88
0.400   0.0279    -1.33
0.511   0.0300     0.20
0.663   0.0358     1.77
0.830   0.0350     3.30
1.009   0.0315     4.92
1.159   0.0279     6.35
1.335   0.0242     7.92
1.493   0.0202     9.43
1.638   0.0212    10.94
Airfoil: M665
Builder: L. Spychalla
Comment: clean
4
60600
11
-0.463   0.0444    -5.53
-0.317   0.0246    -3.45
-0.226   0.0204    -2.47
-0.036   0.0148    -0.94
0.028   0.0138     0.59
0.224   0.0196     2.12
0.416   0.0189     3.67
0.522   0.0197     5.18
0.654   0.0230     6.75
0.748   0.0319     8.26
0.845   0.0484     9.79
100000
11
-0.497   0.0497    -5.54
-0.351   0.0271    -4.01
-0.227   0.0186    -2.47
-0.018   0.0117    -0.92
0.051   0.0130     0.59
0.316   0.0130     2.16
0.442   0.0146     3.67
0.562   0.0151     5.19
0.677   0.0190     6.75
0.786   0.0284     8.26
0.881   0.0429     9.80
200900
11
-0.518   0.0526    -5.54
-0.370   0.0249    -4.00
-0.239   0.0157    -2.47
-0.098   0.0109    -0.95
0.122   0.0084     0.58
0.282   0.0093     2.14
0.422   0.0100     3.68
0.617   0.0131     5.87
0.692   0.0171     6.75
0.807   0.0239     8.27
0.899   0.0396     9.81
300500
11
-0.529   0.0539    -5.55
-0.392   0.0243    -4.02
-0.257   0.0137    -2.48
-0.090   0.0108    -0.96
0.075   0.0085     0.59
0.290   0.0081     2.23
0.441   0.0086     3.68
0.576   0.0109     5.23
0.697   0.0152     6.75
0.816   0.0206     8.28
0.920   0.0360     9.80
Airfoil: M685
Builder: L. Spychalla
Comment: clean
4
60000
11
-0.419   0.0424    -5.48
-0.324   0.0290    -4.03
-0.230   0.0214    -2.45
-0.056   0.0159    -0.91
0.116   0.0205     0.64
0.363   0.0226     2.20
0.509   0.0295     3.74
0.630   0.0308     5.26
0.748   0.0272     6.79
0.872   0.0252     8.32
0.921   0.0358     9.84
100400
11
-0.353   0.0264    -4.31
-0.279   0.0203    -2.96
-0.096   0.0135    -1.43
0.193   0.0131     0.15
0.361   0.0146     1.68
0.482   0.0169     3.23
0.606   0.0176     4.75
0.738   0.0176     6.29
0.861   0.0203     7.82
0.929   0.0297     9.33
1.006   0.0416    10.85
200400
11
-0.416   0.0287    -4.79
-0.152   0.0123    -2.32
-0.055   0.0093    -1.40
0.229   0.0099     0.73
0.316   0.0104     1.69
0.518   0.0112     3.85
0.600   0.0116     4.75
0.810   0.0134     7.01
0.825   0.0155     7.37
0.928   0.0249     9.34
0.999   0.0350    10.86
300300
11
-0.400   0.0234    -4.47
-0.207   0.0122    -2.90
-0.127   0.0116    -2.17
0.090   0.0095     0.14
0.326   0.0086     1.68
0.563   0.0095     4.08
0.702   0.0108     5.60
0.813   0.0139     7.12
0.846   0.0170     7.81
0.938   0.0223     9.34
1.028   0.0378    11.52
Airfoil: MA409GF4
Builder: R. Cooney
Comment: gurney flap (h/c = 0.4%)
4
59600
11
-0.237   0.0298    -4.95
-0.128   0.0241    -3.47
0.019   0.0167    -1.99
0.166   0.0153    -0.42
0.333   0.0154     1.11
0.507   0.0188     2.66
0.665   0.0206     4.25
0.808   0.0236     5.75
0.907   0.0332     7.26
1.010   0.0472     8.80
1.062   0.0888    10.33
99700
11
-0.386   0.0619    -5.98
-0.191   0.0249    -4.50
-0.056   0.0185    -3.00
0.070   0.0135    -1.43
0.214   0.0127     0.11
0.427   0.0135     1.65
0.613   0.0142     3.16
0.765   0.0150     4.74
0.884   0.0209     6.30
0.979   0.0302     7.79
1.069   0.0484     9.29
199700
11
-0.346   0.0541    -6.04
-0.163   0.0162    -4.41
-0.008   0.0135    -2.87
0.146   0.0104    -1.37
0.299   0.0084     0.07
0.596   0.0095     2.84
0.625   0.0099     3.14
0.779   0.0127     4.72
0.920   0.0176     6.24
1.030   0.0254     7.79
1.114   0.0426     9.33
299200
11
-0.297   0.0197    -5.99
-0.152   0.0137    -4.54
0.009   0.0119    -2.95
0.171   0.0094    -1.46
0.325   0.0072     0.10
0.478   0.0076     1.65
0.648   0.0092     3.27
0.917   0.0152     6.08
0.941   0.0161     6.37
1.043   0.0231     7.79
1.119   0.0353     9.23
Airfoil: MH32
Builder: J. Tonnesen
Comment: clean
4
59500
11
-0.223   0.0309    -4.26
-0.087   0.0200    -2.25
0.050   0.0141    -0.71
0.187   0.0173     0.75
0.463   0.0218     2.39
0.650   0.0228     3.83
0.791   0.0221     5.45
0.920   0.0227     6.99
1.025   0.0282     8.52
1.109   0.0361    10.03
1.167   0.0525    11.56
99400
11
-0.236   0.0248    -3.82
-0.088   0.0174    -2.26
0.061   0.0142    -0.72
0.307   0.0169     0.84
0.506   0.0172     2.39
0.653   0.0161     3.93
0.794   0.0163     5.47
0.921   0.0191     6.99
1.037   0.0257     8.52
1.115   0.0365    10.04
1.172   0.0510    11.55
199100
11
-0.197   0.0186    -3.77
0.013   0.0130    -2.23
0.171   0.0109    -0.69
0.382   0.0096     1.28
0.492   0.0098     2.38
0.648   0.0104     3.94
0.793   0.0122     5.46
0.927   0.0153     7.01
1.038   0.0207     8.53
1.122   0.0282    10.02
1.183   0.0386    11.57
298800
11
-0.134   0.0154    -3.77
0.031   0.0114    -2.22
0.170   0.0082    -0.69
0.334   0.0070     0.86
0.553   0.0078     2.93
0.655   0.0088     3.95
0.802   0.0112     5.47
0.937   0.0140     7.01
1.052   0.0190     8.54
1.136   0.0249    10.00
1.200   0.0340    11.58
Airfoil: NACA2414
Builder: R. Bozzonetti
Comment: clean
4
60200
11
-0.505   0.0305    -4.91
-0.422   0.0232    -3.37
-0.300   0.0220    -1.86
-0.123   0.0245    -0.31
0.150   0.0295     1.25
0.315   0.0316     2.80
0.480   0.0326     4.33
0.619   0.0332     5.87
0.748   0.0331     7.41
0.871   0.0321     8.95
0.994   0.0392    11.25
100300
11
-0.591   0.0266    -6.24
-0.323   0.0202    -3.36
-0.130   0.0199    -1.84
0.075   0.0191    -0.26
0.359   0.0200     1.31
0.466   0.0200     2.83
0.590   0.0187     4.35
0.718   0.0191     5.88
0.844   0.0202     7.42
0.976   0.0227     8.95
1.063   0.0303    10.47
200500
11
-0.372   0.0177    -4.88
-0.167   0.0147    -3.28
-0.020   0.0132    -1.77
0.110   0.0110    -0.28
0.268   0.0104     1.28
0.491   0.0116     2.81
0.627   0.0126     4.34
0.763   0.0135     5.90
0.892   0.0151     7.44
1.006   0.0177     8.96
1.083   0.0226    10.48
301000
11
-0.308   0.0130    -4.87
-0.166   0.0115    -3.35
-0.030   0.0108    -1.80
0.118   0.0095    -0.23
0.260   0.0088     1.27
0.477   0.0106     2.86
0.633   0.0107     4.37
0.761   0.0118     5.89
0.884   0.0133     7.42
0.993   0.0160     8.94
1.076   0.0207    10.47
Airfoil: NACA2415
Builder: D. Imes
Comment: clean
4
59700
11
-0.412   0.0296    -4.90
-0.248   0.0236    -3.38
-0.047   0.0267    -1.82
0.133   0.0365    -0.29
0.213   0.0356     1.25
0.336   0.0418     2.77
0.525   0.0428     4.31
0.721   0.0422     5.87
0.878   0.0381     7.41
1.002   0.0313     8.93
1.080   0.0408    10.46
100600
11
-0.403   0.0210    -4.92
-0.055   0.0209    -2.42
0.002   0.0220    -1.81
0.136   0.0246    -0.28
0.400   0.0241     1.29
0.513   0.0229     2.82
0.642   0.0213     4.34
0.778   0.0218     5.89
0.983   0.0228     8.42
1.005   0.0249     8.94
1.073   0.0369    10.46
200600
11
-0.242   0.0144    -4.87
-0.112   0.0126    -3.29
0.011   0.0123    -1.80
0.167   0.0128    -0.22
0.306   0.0132     1.25
0.518   0.0120     2.81
0.694   0.0142     4.35
0.835   0.0152     5.86
0.958   0.0166     7.42
1.049   0.0214     8.95
1.166   0.0334    11.35
301100
11
-0.257   0.0118    -4.88
-0.136   0.0108    -3.43
0.017   0.0103    -1.79
0.163   0.0100    -0.28
0.341   0.0102     1.26
0.539   0.0099     2.83
0.721   0.0115     4.36
0.858   0.0124     5.89
0.969   0.0152     7.43
1.065   0.0197     8.94
1.149   0.0260    10.47
Airfoil: RG15C
Builder: B. Champine / J. Robertson
Comment: obechi surface: flap = 0 degs
4
59700
11
-0.360   0.0381    -6.48
-0.265   0.0247    -4.99
-0.164   0.0148    -3.47
-0.068   0.0141    -1.96
0.062   0.0179    -0.40
0.269   0.0212     1.14
0.508   0.0223     2.71
0.617   0.0212     4.24
0.762   0.0212     5.77
0.874   0.0253     7.30
0.961   0.0354     8.82
100100
11
-0.401   0.0332    -6.49
-0.292   0.0206    -4.98
-0.171   0.0148    -3.47
-0.046   0.0104    -1.97
0.164   0.0142    -0.40
0.402   0.0142     1.18
0.539   0.0140     2.71
0.668   0.0161     4.23
0.814   0.0188     5.78
0.936   0.0232     7.32
1.013   0.0354     8.85
200400
11
-0.387   0.0274    -6.39
-0.281   0.0173    -4.99
0.039   0.0089    -2.15
0.056   0.0088    -1.92
0.226   0.0086    -0.37
0.391   0.0090     1.15
0.555   0.0100     2.71
0.708   0.0121     4.24
0.851   0.0150     5.79
0.961   0.0215     7.32
1.046   0.0307     8.84
300300
11
-0.405   0.0300    -6.53
-0.273   0.0153    -4.99
0.089   0.0072    -1.73
0.066   0.0076    -1.92
0.212   0.0062    -0.38
0.387   0.0074     1.16
0.548   0.0086     2.69
0.704   0.0103     4.24
0.844   0.0137     5.79
0.960   0.0198     7.32
1.050   0.0281     8.83
Airfoil: RG15CF0
Builder: B. Champine / J. Robertson
Comment: covering over obechi: flap = 0 degs
4
59900
11
-0.346   0.0330    -6.50
-0.235   0.0227    -4.96
-0.129   0.0145    -3.43
-0.026   0.0145    -1.93
0.129   0.0158    -0.39
0.305   0.0215     1.15
0.573   0.0211     2.72
0.705   0.0210     4.26
0.844   0.0214     5.80
0.950   0.0257     7.31
1.027   0.0371     8.84
100100
11
-0.366   0.0304    -6.48
-0.250   0.0217    -4.97
-0.129   0.0150    -3.45
-0.025   0.0128    -1.93
0.170   0.0164    -0.37
0.435   0.0157     1.18
0.587   0.0148     2.72
0.728   0.0158     4.26
0.867   0.0189     5.79
0.977   0.0236     7.32
1.047   0.0362     8.83
200000
11
-0.387   0.0291    -6.49
-0.267   0.0180    -4.99
-0.124   0.0124    -3.45
0.069   0.0096    -1.90
0.244   0.0088    -0.36
0.395   0.0090     1.19
0.553   0.0100     2.72
0.724   0.0124     4.26
0.867   0.0154     5.80
0.978   0.0218     7.34
1.059   0.0315     8.86
300000
11
-0.390   0.0290    -6.57
-0.246   0.0153    -4.98
-0.084   0.0113    -3.56
0.090   0.0078    -1.91
0.227   0.0069    -0.37
0.429   0.0077     1.19
0.595   0.0089     2.75
0.744   0.0110     4.27
0.880   0.0143     5.78
0.991   0.0205     7.30
1.077   0.0293     8.85
Airfoil: RG15CF10
Builder: B. Champine / J. Robertson
Comment: covering over obechi: flap = 10 degs
4
60100
11
-0.309   0.0510    -8.56
-0.109   0.0290    -7.01
0.050   0.0227    -5.46
0.114   0.0215    -3.97
0.251   0.0238    -2.42
0.410   0.0252    -0.89
0.590   0.0285     0.66
0.915   0.0296     2.25
1.085   0.0252     3.79
1.146   0.0315     5.30
1.205   0.0417     6.80
99600
11
-0.279   0.0539    -8.55
-0.091   0.0298    -6.99
0.038   0.0198    -5.48
0.137   0.0204    -3.95
0.286   0.0194    -2.41
0.458   0.0201    -0.87
0.664   0.0253     0.66
0.929   0.0177     2.25
1.038   0.0215     3.78
1.117   0.0266     5.30
1.170   0.0361     6.79
199200
11
-0.090   0.0266    -8.50
0.029   0.0206    -6.89
0.143   0.0175    -5.53
0.277   0.0172    -3.90
0.425   0.0177    -2.32
0.581   0.0182    -0.83
0.837   0.0104     0.81
0.954   0.0134     2.23
1.059   0.0181     3.74
1.141   0.0251     5.29
1.208   0.0333     6.81
298700
11
0.022   0.0173    -7.48
0.177   0.0137    -5.93
0.301   0.0146    -4.41
0.407   0.0158    -2.89
0.646   0.0131    -1.33
0.810   0.0104     0.23
0.930   0.0117     1.71
1.044   0.0154     3.30
1.122   0.0206     4.67
1.198   0.0282     6.29
1.262   0.0394     7.89
Airfoil: RG15CF5
Builder: B. Champine / J. Robertson
Comment: covering over obechi: flap = 5 degs
5
60300
11
-0.316   0.0300    -6.53
-0.143   0.0232    -4.98
-0.025   0.0156    -3.46
0.134   0.0164    -1.92
0.286   0.0190    -0.41
0.415   0.0242     1.12
0.660   0.0232     2.70
0.796   0.0251     4.23
0.892   0.0293     5.76
0.990   0.0365     7.27
1.061   0.0460     8.80
99800
11
-0.252   0.0276    -6.48
-0.094   0.0224    -4.98
0.023   0.0166    -3.46
0.161   0.0148    -1.93
0.358   0.0180    -0.37
0.633   0.0177     1.20
0.807   0.0144     2.73
0.921   0.0178     4.26
1.023   0.0232     5.78
1.090   0.0312     7.30
1.156   0.0454     8.82
199400
10
-0.091   0.0183    -6.44
0.033   0.0154    -4.96
0.162   0.0121    -3.37
0.464   0.0111    -0.61
0.498   0.0103    -0.34
0.670   0.0101     1.19
0.818   0.0120     2.76
0.947   0.0155     4.26
1.051   0.0206     5.79
1.128   0.0286     7.31
201000
1
0.311   0.0123    -1.89
299100
11
-0.094   0.0171    -6.47
0.042   0.0124    -4.97
0.191   0.0094    -3.42
0.330   0.0086    -2.04
0.489   0.0099    -0.40
0.652   0.0105     1.19
0.808   0.0115     2.68
0.933   0.0142     4.23
1.030   0.0190     5.76
1.110   0.0261     7.32
1.177   0.0368     8.81
Airfoil: S4083A
Builder: M. Levoe
Comment: clean
5
60000
11
-0.083   0.0295    -3.46
0.019   0.0222    -2.17
0.164   0.0143    -0.59
0.381   0.0186     0.98
0.594   0.0243     2.52
0.726   0.0287     4.06
0.854   0.0325     5.59
0.987   0.0369     7.11
1.114   0.0389     8.65
1.223   0.0338    10.18
1.293   0.0493    11.70
100000
10
-0.192   0.0420    -4.68
-0.036   0.0223    -3.12
0.082   0.0172    -1.60
0.553   0.0142     2.01
0.701   0.0160     3.56
0.845   0.0185     5.07
0.972   0.0208     6.45
1.124   0.0234     8.16
1.254   0.0257     9.67
1.321   0.0363    11.19
100600
1
0.282   0.0125    -0.07
199100
11
-0.176   0.0421    -4.56
-0.026   0.0188    -3.12
0.089   0.0147    -1.75
0.331   0.0085    -0.05
0.507   0.0093     1.49
0.668   0.0113     3.06
0.824   0.0131     4.58
0.974   0.0149     6.11
1.117   0.0170     7.65
1.242   0.0194     9.18
1.327   0.0269    10.71
299000
11
-0.194   0.0449    -4.69
-0.009   0.0161    -3.09
0.147   0.0117    -1.60
0.352   0.0077    -0.05
0.504   0.0083     1.50
0.665   0.0096     3.04
0.821   0.0111     4.58
0.972   0.0127     6.12
1.110   0.0145     7.65
1.235   0.0178     9.19
1.333   0.0246    10.73
Airfoil: S4083B
Builder: J. Thomas
Comment: clean
4
59800
11
-0.078   0.0350    -3.85
0.065   0.0240    -2.32
0.209   0.0171    -0.79
0.453   0.0154     0.77
0.605   0.0197     2.18
0.753   0.0254     3.84
0.888   0.0339     5.37
1.019   0.0379     6.91
1.135   0.0299     8.44
1.219   0.0414     9.93
1.260   0.0589    11.47
99200
11
-0.095   0.0288    -3.74
0.046   0.0193    -2.34
0.256   0.0137    -0.78
0.450   0.0113     0.77
0.608   0.0149     2.30
0.756   0.0178     3.81
0.904   0.0196     5.37
1.047   0.0219     6.91
1.171   0.0255     8.46
1.239   0.0394     9.97
1.268   0.0585    11.47
198800
11
-0.083   0.0285    -3.85
0.116   0.0153    -2.31
0.312   0.0112    -0.76
0.486   0.0095     0.77
0.651   0.0116     2.32
0.808   0.0134     3.85
0.960   0.0150     5.40
1.098   0.0172     6.93
1.202   0.0252     8.47
1.264   0.0358     9.91
1.268   0.0764    11.47
298300
11
-0.035   0.0227    -3.77
0.155   0.0118    -2.29
0.350   0.0096    -0.75
0.504   0.0083     0.79
0.652   0.0097     2.19
0.827   0.0112     3.87
0.986   0.0130     5.42
1.118   0.0171     6.96
1.222   0.0238     8.47
1.287   0.0342     9.99
1.275   0.0923    11.51
Airfoil: S5010
Builder: O. Wilson
Comment: clean
4
59900
11
-0.316   0.0361    -4.89
-0.178   0.0230    -3.38
-0.040   0.0154    -1.84
0.156   0.0182    -0.29
0.295   0.0248     1.25
0.428   0.0319     2.79
0.555   0.0341     4.34
0.686   0.0365     5.85
0.822   0.0387     7.38
0.955   0.0300     8.93
1.074   0.0356    10.44
99700
11
-0.365   0.0319    -4.89
-0.181   0.0195    -3.35
-0.048   0.0149    -1.83
0.085   0.0161    -0.31
0.225   0.0187     1.24
0.366   0.0196     2.77
0.507   0.0187     4.30
0.652   0.0184     5.83
0.792   0.0202     7.38
0.930   0.0228     8.89
1.050   0.0309    10.45
200300
11
-0.386   0.0345    -4.92
-0.243   0.0183    -3.38
-0.097   0.0138    -1.82
0.032   0.0092    -0.34
0.179   0.0104     1.19
0.338   0.0107     2.75
0.500   0.0114     4.30
0.682   0.0131     5.85
0.837   0.0150     7.39
0.987   0.0186     8.94
1.097   0.0275    10.46
300600
11
-0.422   0.0374    -4.93
-0.276   0.0164    -3.38
-0.128   0.0126    -1.86
0.009   0.0086    -0.32
0.160   0.0082     1.21
0.355   0.0088     2.75
0.518   0.0097     4.30
0.674   0.0109     5.83
0.830   0.0130     7.38
0.977   0.0165     8.91
1.125   0.0279    10.89
Airfoil: S7012B
Builder: M. Lachowski
Comment: clean
4
60100
11
-0.352   0.0209    -4.86
-0.230   0.0148    -3.28
-0.117   0.0123    -1.78
0.024   0.0173    -0.26
0.258   0.0213     1.31
0.469   0.0256     2.85
0.604   0.0260     4.39
0.736   0.0287     5.93
0.866   0.0270     7.47
0.963   0.0397     8.99
1.028   0.0626    10.50
99900
11
-0.227   0.0158    -3.78
-0.086   0.0120    -2.27
0.060   0.0118    -0.75
0.315   0.0126     0.81
0.466   0.0146     2.37
0.606   0.0152     3.90
0.842   0.0185     6.32
0.908   0.0203     6.98
1.015   0.0275     8.50
1.091   0.0421    10.02
1.095   0.0775    11.49
199400
11
-0.196   0.0127    -3.78
-0.048   0.0094    -2.26
0.114   0.0097    -0.73
0.274   0.0089     0.81
0.441   0.0097     2.36
0.598   0.0110     3.86
0.756   0.0123     5.41
0.901   0.0150     6.95
1.016   0.0233     8.49
1.089   0.0355    10.02
1.125   0.0683    11.50
299700
11
-0.193   0.0114    -3.79
-0.028   0.0094    -2.22
0.102   0.0081    -0.74
0.256   0.0071     0.81
0.426   0.0082     2.34
0.594   0.0093     3.89
0.750   0.0108     5.43
0.891   0.0135     6.95
1.012   0.0204     8.49
1.091   0.0322    10.01
1.130   0.0612    11.51
Airfoil: S7012BF5
Builder: M. Lachowski
Comment: clean: flap = 5 degs
4
60300
11
-0.175   0.0217    -4.84
-0.039   0.0168    -3.31
0.073   0.0146    -1.80
0.237   0.0204    -0.25
0.405   0.0263     1.27
0.646   0.0249     2.85
0.798   0.0303     4.38
0.921   0.0289     5.93
1.027   0.0287     7.45
1.111   0.0462     8.97
1.154   0.0663    10.46
99900
10
-0.122   0.0184    -4.85
-0.019   0.0144    -3.31
0.093   0.0137    -1.78
0.275   0.0138    -0.24
0.552   0.0142     1.33
0.721   0.0145     2.87
0.858   0.0175     4.40
0.993   0.0202     5.93
1.080   0.0289     7.46
1.144   0.0430     8.98
199800
11
-0.247   0.0200    -6.86
-0.097   0.0149    -5.34
0.057   0.0113    -3.77
0.202   0.0109    -2.25
0.351   0.0118    -0.72
0.504   0.0106     0.82
0.662   0.0105     2.34
0.841   0.0131     3.90
0.985   0.0156     5.42
1.084   0.0222     6.95
1.158   0.0326     8.47
299900
11
-0.257   0.0185    -6.87
-0.104   0.0133    -5.33
0.047   0.0100    -3.81
0.199   0.0088    -2.26
0.384   0.0086    -0.72
0.539   0.0079     0.85
0.691   0.0094     2.34
0.835   0.0111     3.75
0.990   0.0139     5.43
1.099   0.0200     6.96
1.174   0.0297     8.46
Airfoil: S7012F10
Builder: M. Lachowski
Comment: clean: flap = 10 degs
4
59500
11
-0.259   0.0300    -6.84
-0.114   0.0241    -5.34
0.023   0.0187    -3.82
0.133   0.0196    -2.29
0.305   0.0196    -0.77
0.474   0.0221     0.78
0.751   0.0260     2.38
0.933   0.0233     3.89
1.051   0.0287     5.43
1.159   0.0324     6.95
1.216   0.0491     8.47
99700
11
-0.141   0.0252    -6.85
0.011   0.0192    -5.31
0.137   0.0161    -3.80
0.242   0.0173    -2.27
0.336   0.0151    -0.76
0.574   0.0185     0.81
0.794   0.0168     2.36
0.927   0.0183     3.88
1.073   0.0210     5.43
1.150   0.0298     6.96
1.204   0.0436     8.47
199600
11
-0.117   0.0193    -6.87
0.033   0.0145    -5.29
0.198   0.0121    -3.68
0.329   0.0133    -2.27
0.461   0.0142    -0.73
0.640   0.0127     0.83
0.809   0.0118     2.36
0.960   0.0148     3.91
1.086   0.0180     5.43
1.158   0.0268     6.95
1.214   0.0378     8.47
299600
11
-0.118   0.0159    -6.83
0.029   0.0125    -5.30
0.172   0.0103    -3.80
0.362   0.0099    -2.24
0.526   0.0106    -0.69
0.663   0.0088     0.74
0.819   0.0107     2.36
0.976   0.0130     3.95
1.089   0.0169     5.43
1.177   0.0248     6.99
1.228   0.0350     8.46
Airfoil: S7055GF1
Builder: G. Jones
Comment: gurney flap (h/c = 1.0%)
2
99700
12
-0.180   0.0374    -5.94
0.046   0.0229    -4.41
0.262   0.0200    -2.86
0.338   0.0174    -1.36
0.503   0.0204     0.18
0.654   0.0219     1.74
0.811   0.0195     3.27
0.978   0.0204     4.81
1.138   0.0225     6.35
1.278   0.0265     7.87
1.363   0.0354     9.41
1.371   0.0603    10.89
298900
12
-0.062   0.0195    -5.94
0.168   0.0150    -3.72
0.282   0.0134    -2.87
0.470   0.0130    -1.32
0.562   0.0127     0.19
0.706   0.0111     1.73
0.886   0.0122     3.27
1.055   0.0139     4.83
1.204   0.0163     6.35
1.322   0.0236     7.92
1.363   0.0402     9.44
1.365   0.0760    10.94
Airfoil: S7055GF4
Builder: G. Jones
Comment: gurney flap (h/c = 0.4%)
5
60200
12
-0.146   0.0320    -4.47
0.050   0.0238    -2.89
0.189   0.0207    -1.38
0.364   0.0243     0.17
0.532   0.0313     1.67
0.685   0.0349     3.24
0.829   0.0378     4.78
0.983   0.0342     6.28
1.134   0.0355     7.85
1.268   0.0336     9.39
1.316   0.0440    10.90
1.329   0.0659    12.41
99600
11
-0.066   0.0256    -4.45
0.136   0.0194    -2.92
0.244   0.0180    -1.36
0.395   0.0198     0.15
0.565   0.0222     1.69
0.728   0.0201     3.26
0.888   0.0198     4.79
1.033   0.0217     6.31
1.163   0.0248     7.84
1.263   0.0298     9.38
1.289   0.0517    10.88
98600
1
1.284   0.0861    12.38
199400
11
0.008   0.0161    -4.45
0.141   0.0142    -2.99
0.295   0.0121    -1.35
0.396   0.0117     0.20
0.562   0.0124     1.71
0.745   0.0128     3.31
0.910   0.0140     4.78
1.060   0.0160     6.24
1.197   0.0193     7.86
1.268   0.0294     9.38
1.278   0.0568    10.87
299700
9
-0.014   0.0145    -4.41
0.144   0.0123    -2.88
0.315   0.0104    -1.35
0.402   0.0095     0.15
0.582   0.0099     1.72
0.755   0.0107     3.25
0.929   0.0120     4.81
1.080   0.0137     6.30
1.212   0.0183     7.88
Airfoil: S8025
Builder: J. Thurmond
Comment: clean
4
60000
11
-0.591   0.0385    -6.67
-0.454   0.0234    -5.16
-0.322   0.0175    -3.63
-0.149   0.0135    -2.09
0.008   0.0126    -0.54
0.139   0.0128     0.98
0.310   0.0158     2.54
0.450   0.0267     4.06
0.670   0.0332     6.52
0.748   0.0296     7.15
0.882   0.0379     8.65
100400
11
-0.610   0.0309    -6.64
-0.488   0.0193    -5.13
-0.361   0.0141    -3.63
-0.221   0.0100    -2.10
-0.030   0.0096    -0.56
0.144   0.0100     1.00
0.296   0.0128     2.53
0.447   0.0154     4.07
0.592   0.0192     5.61
0.712   0.0238     7.15
0.836   0.0311     8.66
200700
11
-0.639   0.0213    -6.67
-0.507   0.0143    -5.17
-0.362   0.0114    -3.67
-0.211   0.0078    -2.08
-0.029   0.0069    -0.55
0.122   0.0081     0.96
0.267   0.0094     2.50
0.431   0.0119     4.07
0.599   0.0144     5.58
0.754   0.0166     7.15
0.882   0.0239     8.67
301100
11
-0.648   0.0193    -6.68
-0.514   0.0126    -5.15
-0.360   0.0101    -3.58
-0.214   0.0077    -2.10
-0.045   0.0062    -0.56
0.105   0.0072     0.98
0.281   0.0087     2.51
0.447   0.0103     4.07
0.602   0.0120     5.61
0.752   0.0143     7.15
0.888   0.0208     8.68
Airfoil: S822T1
Builder: M. Allen
Comment: Zig-Zag trip type "C" @ x/c = 2% u.s. & 5% l.s. (h/c = 0.19%)
4
100400
11
-0.359   0.0285    -4.18
-0.198   0.0284    -2.62
-0.076   0.0308    -1.09
0.042   0.0344     0.44
0.126   0.0402     1.94
0.609   0.0214     4.29
0.604   0.0215     5.06
0.715   0.0260     6.58
0.826   0.0310     8.12
0.917   0.0389     9.64
0.994   0.0479    11.17
201000
11
-0.154   0.0220    -4.10
-0.020   0.0230    -2.56
0.175   0.0190    -1.03
0.308   0.0154     0.50
0.423   0.0175     2.03
0.553   0.0191     3.56
0.635   0.0218     5.08
0.725   0.0224     6.58
0.837   0.0287     8.10
0.927   0.0360     9.65
0.999   0.0452    11.16
301400
11
-0.112   0.0172    -4.09
0.013   0.0149    -2.56
0.140   0.0146    -1.10
0.261   0.0158     0.33
0.414   0.0173     2.01
0.558   0.0187     3.63
0.675   0.0205     5.09
0.766   0.0237     6.59
0.829   0.0276     8.12
0.918   0.0338     9.65
0.992   0.0427    11.15
401800
10
-0.041   0.0146    -3.05
0.092   0.0145    -1.55
0.225   0.0156    -0.05
0.371   0.0164     1.50
0.509   0.0178     3.04
0.642   0.0198     4.65
0.742   0.0222     6.08
0.834   0.0262     7.61
0.902   0.0305     9.16
0.977   0.0373    10.65
Airfoil: S823T
Builder: M. Allen
Comment: Zig-Zag trip type "C" @ x/c = 2% u.s. & 5% l.s. (h/c = 0.19%)
4
100700
10
-0.197   0.0375    -2.79
-0.006   0.0379    -1.22
0.169   0.0384     0.31
0.385   0.0298     1.84
0.564   0.0231     3.39
0.713   0.0233     4.92
0.805   0.0269     6.43
0.888   0.0317     7.97
0.957   0.0364     9.48
1.004   0.0456    10.99
201300
11
-0.111   0.0259    -3.69
0.001   0.0234    -2.25
0.154   0.0212    -0.71
0.303   0.0193     0.81
0.440   0.0204     2.36
0.574   0.0223     3.91
0.699   0.0244     5.41
0.811   0.0280     6.96
0.904   0.0331     8.47
0.969   0.0443     9.97
1.017   0.0649    11.49
301900
10
-0.052   0.0212    -2.74
0.086   0.0186    -1.23
0.237   0.0180     0.31
0.371   0.0195     1.81
0.519   0.0209     3.37
0.646   0.0227     4.84
0.767   0.0254     6.43
0.855   0.0293     7.80
0.936   0.0380     9.47
0.989   0.0531    10.93
402800
10
-0.054   0.0196    -2.75
0.090   0.0183    -1.22
0.244   0.0185     0.41
0.401   0.0193     1.85
0.547   0.0203     3.37
0.692   0.0222     5.01
0.791   0.0247     6.44
0.877   0.0291     7.95
0.960   0.0404     9.80
0.999   0.0484    11.01
