// MilkShape 3D ASCII

Frames: 30
Frame: 1

Meshes: 1
"Box01" 1 0
52
1 -55   0   5 0.000000 0.000000 -1
1 -30   -20   5 0.000000 1.000000 -1
1 -35   30   5 1.000000 0.000000 -1
1 -37   -5   5 1.000000 1.000000 -1
1 -55   0   -5 0.000000 0.000000 -1
1 -30   -20   -5 0.000000 1.000000 -1
1 -35   30   -5 1.000000 0.000000 -1
1 -37   -5   -5 1.000000 1.000000 -1
1 -27   -10   5 0.000000 0.000000 -1
1 -20   0   5 0.000000 1.000000 -1
1 -13   -10   5 1.000000 0.000000 -1
1 -20   10   5 1.000000 1.000000 -1
1 -27   -10   -5 0.000000 0.000000 -1
1 -20   0   -5 0.000000 1.000000 -1
1 -13   -10   -5 1.000000 0.000000 -1
1 -20   10   -5 1.000000 1.000000 -1
1 -17   10   5 0.000000 1.000000 -1
1 -10   -10   5 1.000000 1.000000 -1
1 -3   10   5 0.000000 0.000000 -1
1 -10   0   5 1.000000 0.000000 -1
1 -17   10   -5 0.000000 1.000000 -1
1 -10   -10   -5 1.000000 1.000000 -1
1 -3   10   -5 0.000000 0.000000 -1
1 -10   0   -5 1.000000 0.000000 -1
1 -7   -10   5 0.000000 1.000000 -1
1 0   0   5 1.000000 1.000000 -1
1 7   -10   5 0.000000 0.000000 -1
1 0   10   5 1.000000 0.000000 -1
1 -7   -10   -5 0.000000 1.000000 -1
1 0   0   -5 1.000000 1.000000 -1
1 7   -10   -5 0.000000 0.000000 -1
1 0   10   -5 1.000000 0.000000 -1
1 20   30   5 0.000000 1.000000 -1
1 10   -20   5 1.000000 1.000000 -1
1 35   10   5 0.000000 0.000000 -1
1 22   10   5 1.000000 0.000000 -1
1 27   5   5 0.000000 1.000000 -1
1 20   -2   5 1.000000 1.000000 -1
1 20   30   -5 0.000000 0.000000 -1
1 10   -20   -5 1.000000 0.000000 -1
1 35   10   -5 0.000000 1.000000 -1
1 22   10   -5 1.000000 1.000000 -1
1 27   5   -5 0.000000 0.000000 -1
1 20   -2   -5 1.000000 0.000000 -1
1 40   30   5 0.000000 1.000000 -1
1 35   -20   5 1.000000 1.000000 -1
1 60   0   5 0.000000 0.000000 -1
1 42   -5   5 1.000000 0.000000 -1
1 40   30   -5 0.000000 1.000000 -1
1 35   -20   -5 1.000000 1.000000 -1
1 60   0   -5 0.000000 0.000000 -1
1 42   -5   -5 1.000000 0.000000 -1
6
0.000000 0.000000 1.000000
1.000000 0.000000 0.000000
0.000000 0.000000 -1.000000
-1.000000 0.000000 0.000000
0.000000 1.000000 0.000000
0.000000 -1.000000 0.000000
80
1 0   1   3      0 0 0 1
1 1   2   3      0 0 0 1
1 4   0   3      0 0 0 1
1 4   3   7      0 0 0 1
1 7   3   2      0 0 0 1
1 7   2   6      0 0 0 1
1 6   2   1      0 0 0 1
1 6   1   5      0 0 0 1
1 5   1   0      0 0 0 1
1 5   0   4      0 0 0 1
1 5   4   7      0 0 0 1
1 5   7   6      0 0 0 1
1 8   9   11      0 0 0 1
1 9   10   11      0 0 0 1
1 12   8   11      0 0 0 1
1 12   11   15      0 0 0 1
1 15   11   10      0 0 0 1
1 15   10   14      0 0 0 1
1 14   10   9      0 0 0 1
1 14   9   13      0 0 0 1
1 13   9   8      0 0 0 1
1 13   8   12      0 0 0 1
1 13   12   15      0 0 0 1
1 13   15   14      0 0 0 1
1 16   17   19      0 0 0 1
1 17   18   19      0 0 0 1
1 20   16   19      0 0 0 1
1 20   19   23      0 0 0 1
1 23   19   18      0 0 0 1
1 23   18   22      0 0 0 1
1 22   18   17      0 0 0 1
1 22   17   21      0 0 0 1
1 21   17   16      0 0 0 1
1 21   16   20      0 0 0 1
1 21   20   23      0 0 0 1
1 21   23   22      0 0 0 1
1 24   25   27      0 0 0 1
1 25   26   27      0 0 0 1
1 28   24   27      0 0 0 1
1 28   27   31      0 0 0 1
1 31   27   26      0 0 0 1
1 31   26   30      0 0 0 1
1 30   26   25      0 0 0 1
1 30   25   29      0 0 0 1
1 29   25   24      0 0 0 1
1 29   24   28      0 0 0 1
1 29   28   31      0 0 0 1
1 29   31   30      0 0 0 1
1 32   33   37      0 0 0 1
1 33   34   37      0 0 0 1
1 34   36   37      0 0 0 1
1 34   35   36      0 0 0 1
1 32   38   39      0 0 0 1
1 32   39   33      0 0 0 1
1 33   39   40      0 0 0 1
1 33   40   34      0 0 0 1
1 34   40   41      0 0 0 1
1 34   41   35      0 0 0 1
1 35   41   42      0 0 0 1
1 35   42   36      0 0 0 1
1 36   42   43      0 0 0 1
1 36   43   37      0 0 0 1
1 37   43   38      0 0 0 1
1 37   38   32      0 0 0 1
1 38   43   39      0 0 0 1
1 40   39   43      0 0 0 1
1 40   39   42      0 0 0 1
1 40   42   41      0 0 0 1
1 44   45   47      0 0 0 1
1 45   46   47      0 0 0 1
1 44   48   49      0 0 0 1
1 44   49   45      0 0 0 1
1 45   49   50      0 0 0 1
1 45   50   46      0 0 0 1
1 46   50   51      0 0 0 1
1 46   51   47      0 0 0 1
1 47   51   48      0 0 0 1
1 47   48   44      0 0 0 1
1 48   51   49      0 0 0 1
1 49   51   50      0 0 0 1
Materials: 1
"Material01"
0.200000 0.200000 0.200000 1.000000
0.023529 0.592157 0.372549 1.000000
0.000000 0.000000 0.000000 1.000000
0.000000 0.000000 0.000000 1.000000
0.000000
1.000000
""
""

Bones: 0
